[harshitha@csil RankLib]$ java -jar RankLib-2.1-patched.jar -train Fold1/train.txt -test Fold1/test.txt -validate Fold1/vali.txt -ranker 0 -metric2t NDCG@10 -metric2T NDCG@10 -save mymodel-mart.txt

[+] General Parameters:
Training data:  Fold1/train.txt
Test data:      Fold1/test.txt
Validation data:        Fold1/vali.txt
Feature vector representation: Dense.
Ranking method: MART
Feature description file:       Unspecified. All features will be used.
Train metric:   NDCG@10
Test metric:    NDCG@10
Feature normalization: No
Model file: mymodel-mart.txt

[+] MART's Parameters:
No. of trees: 1000
No. of leaves: 10
No. of threshold candidates: 256
Learning rate: 0.1
Stop early: 100 rounds without performance gain on validation data

Reading feature file [Fold1/train.txt]... [Done.]
(6000 ranked lists, 723412 entries read)
Reading feature file [Fold1/vali.txt]... [Done.]
(2000 ranked lists, 235259 entries read)
Reading feature file [Fold1/test.txt]... [Done.]
(2000 ranked lists, 241521 entries read)
Initializing... [Done]
---------------------------------
Training starts...
---------------------------------
#iter   | NDCG@10-T | NDCG@10-V |
---------------------------------
1       | 0.3351    | 0.3376    |
2       | 0.3421    | 0.3424    |
3       | 0.3502    | 0.3515    |
4       | 0.358     | 0.3601    |
5       | 0.3619    | 0.3656    |
6       | 0.3641    | 0.3683    |
7       | 0.3664    | 0.3707    |
8       | 0.3753    | 0.3758    |
9       | 0.378     | 0.3789    |
10      | 0.3803    | 0.3803    |
11      | 0.3798    | 0.3817    |
12      | 0.3827    | 0.3847    |
13      | 0.3859    | 0.3871    |
14      | 0.3874    | 0.3873    |
15      | 0.3899    | 0.3906    |
16      | 0.3917    | 0.3919    |
17      | 0.3934    | 0.3942    |
18      | 0.3947    | 0.3947    |
19      | 0.3963    | 0.396     |
20      | 0.397     | 0.3981    |
21      | 0.3983    | 0.3984    |
22      | 0.3997    | 0.3998    |
23      | 0.4003    | 0.4       |
24      | 0.4016    | 0.402     |
25      | 0.402     | 0.4021    |
26      | 0.4028    | 0.4027    |
27      | 0.4039    | 0.4035    |
28      | 0.405     | 0.4049    |
29      | 0.4063    | 0.4065    |
30      | 0.4071    | 0.4069    |
31      | 0.4079    | 0.407     |
32      | 0.409     | 0.4085    |
33      | 0.4089    | 0.4089    |
34      | 0.4104    | 0.41      |
35      | 0.4104    | 0.4097    |
36      | 0.4108    | 0.41      |
37      | 0.4113    | 0.411     |
38      | 0.412     | 0.4123    |
39      | 0.4124    | 0.4119    |
40      | 0.4126    | 0.4124    |
41      | 0.4134    | 0.4131    |
42      | 0.4135    | 0.4129    |
43      | 0.4138    | 0.4142    |
44      | 0.4147    | 0.4156    |
45      | 0.4158    | 0.4161    |
46      | 0.4165    | 0.4172    |
47      | 0.417     | 0.4174    |
48      | 0.4171    | 0.4183    |
49      | 0.418     | 0.4185    |
50      | 0.418     | 0.4187    |
51      | 0.4185    | 0.4188    |
52      | 0.4192    | 0.4196    |
53      | 0.4198    | 0.4204    |
54      | 0.42      | 0.4211    |
55      | 0.4208    | 0.4222    |
56      | 0.4209    | 0.4222    |
57      | 0.4214    | 0.4221    |
58      | 0.4215    | 0.4228    |
59      | 0.4216    | 0.4233    |
60      | 0.4216    | 0.4236    |
61      | 0.4222    | 0.424     |
62      | 0.4225    | 0.4245    |
63      | 0.4225    | 0.425     |
64      | 0.4227    | 0.4254    |
65      | 0.4233    | 0.4252    |
66      | 0.4236    | 0.4254    |
67      | 0.4239    | 0.4259    |
68      | 0.4238    | 0.4259    |
69      | 0.4244    | 0.4259    |
70      | 0.4247    | 0.4259    |
71      | 0.4247    | 0.426     |
72      | 0.4254    | 0.4268    |
73      | 0.4257    | 0.427     |
74      | 0.4258    | 0.4269    |
75      | 0.4261    | 0.4275    |
76      | 0.4262    | 0.4276    |
77      | 0.4262    | 0.4274    |
78      | 0.4264    | 0.4275    |
79      | 0.4264    | 0.4284    |
80      | 0.4266    | 0.428     |
81      | 0.4272    | 0.4282    |
82      | 0.4272    | 0.4282    |
83      | 0.4273    | 0.4284    |
84      | 0.4276    | 0.4286    |
85      | 0.4276    | 0.429     |
86      | 0.428     | 0.4295    |
87      | 0.428     | 0.4301    |
88      | 0.4281    | 0.4297    |
89      | 0.4282    | 0.4299    |
90      | 0.4285    | 0.4301    |
91      | 0.4286    | 0.4308    |
92      | 0.4293    | 0.4309    |
93      | 0.4294    | 0.431     |
94      | 0.4293    | 0.431     |
95      | 0.4293    | 0.4311    |
96      | 0.4294    | 0.4311    |
97      | 0.4296    | 0.4313    |
98      | 0.4295    | 0.4315    |
99      | 0.4296    | 0.4317    |
100     | 0.4297    | 0.432     |
101     | 0.4298    | 0.4321    |
102     | 0.43      | 0.4322    |
103     | 0.4301    | 0.4325    |
104     | 0.4301    | 0.4329    |
105     | 0.4303    | 0.4341    |
106     | 0.4304    | 0.4338    |
107     | 0.4309    | 0.4332    |
108     | 0.4312    | 0.4333    |
109     | 0.4311    | 0.4335    |
110     | 0.4314    | 0.4337    |
111     | 0.4317    | 0.4338    |
112     | 0.4319    | 0.4335    |
113     | 0.4321    | 0.4338    |
114     | 0.432     | 0.4336    |
115     | 0.4325    | 0.4349    |
116     | 0.4323    | 0.435     |
117     | 0.4325    | 0.4352    |
118     | 0.4327    | 0.4355    |
119     | 0.433     | 0.4356    |
120     | 0.433     | 0.4357    |
121     | 0.4329    | 0.4356    |
122     | 0.433     | 0.4356    |
123     | 0.4332    | 0.4354    |
124     | 0.4334    | 0.436     |
125     | 0.4337    | 0.4363    |
126     | 0.4341    | 0.4369    |
127     | 0.434     | 0.4367    |
128     | 0.434     | 0.4371    |
129     | 0.434     | 0.4369    |
130     | 0.4343    | 0.4367    |
131     | 0.4342    | 0.4362    |
132     | 0.4344    | 0.4368    |
133     | 0.4343    | 0.4365    |
134     | 0.4344    | 0.4362    |
135     | 0.4345    | 0.4365    |
136     | 0.4345    | 0.437     |
137     | 0.4345    | 0.437     |
138     | 0.4344    | 0.437     |
139     | 0.4347    | 0.4371    |
140     | 0.4349    | 0.4372    |
141     | 0.435     | 0.4373    |
142     | 0.4353    | 0.4376    |
143     | 0.4355    | 0.4381    |
144     | 0.4355    | 0.4381    |
145     | 0.4354    | 0.4383    |
146     | 0.4357    | 0.4385    |
147     | 0.4358    | 0.4384    |
148     | 0.4358    | 0.4385    |
149     | 0.4358    | 0.4384    |
150     | 0.4359    | 0.4384    |
151     | 0.4359    | 0.4386    |
152     | 0.4358    | 0.4387    |
153     | 0.4358    | 0.4384    |
154     | 0.436     | 0.4384    |
155     | 0.436     | 0.4385    |
156     | 0.436     | 0.4385    |
157     | 0.4361    | 0.4384    |
158     | 0.4364    | 0.4383    |
159     | 0.4365    | 0.4385    |
160     | 0.4363    | 0.4382    |
161     | 0.4363    | 0.4386    |
162     | 0.4364    | 0.4389    |
163     | 0.4366    | 0.4389    |
164     | 0.4368    | 0.4393    |
165     | 0.4369    | 0.4394    |
166     | 0.4369    | 0.4395    |
167     | 0.4371    | 0.4397    |
168     | 0.437     | 0.44      |
169     | 0.4369    | 0.44      |
170     | 0.437     | 0.4402    |
171     | 0.437     | 0.4405    |
172     | 0.437     | 0.4408    |
173     | 0.4371    | 0.4406    |
174     | 0.437     | 0.4406    |
175     | 0.437     | 0.4406    |
176     | 0.437     | 0.4405    |
177     | 0.4372    | 0.4408    |
178     | 0.4371    | 0.4409    |
179     | 0.437     | 0.4405    |
180     | 0.4369    | 0.4404    |
181     | 0.4371    | 0.4405    |
182     | 0.4371    | 0.4404    |
183     | 0.4372    | 0.4405    |
184     | 0.4372    | 0.4408    |
185     | 0.4374    | 0.4409    |
186     | 0.4374    | 0.4408    |
187     | 0.4374    | 0.441     |
188     | 0.4375    | 0.4411    |
189     | 0.4377    | 0.4409    |
190     | 0.4376    | 0.4412    |
191     | 0.4376    | 0.4412    |
192     | 0.4376    | 0.4413    |
193     | 0.4377    | 0.4413    |
194     | 0.4377    | 0.441     |
195     | 0.438     | 0.4411    |
196     | 0.4381    | 0.4414    |
197     | 0.4381    | 0.4412    |
198     | 0.438     | 0.4412    |
199     | 0.4382    | 0.4412    |
200     | 0.4381    | 0.4413    |
201     | 0.438     | 0.4411    |
202     | 0.438     | 0.4411    |
203     | 0.438     | 0.4411    |
204     | 0.4385    | 0.4413    |
205     | 0.4386    | 0.4414    |
206     | 0.4386    | 0.4413    |
207     | 0.4387    | 0.4413    |
208     | 0.4387    | 0.4414    |
209     | 0.4389    | 0.4413    |
210     | 0.439     | 0.4415    |
211     | 0.4392    | 0.4416    |
212     | 0.4391    | 0.4415    |
213     | 0.4391    | 0.4413    |
214     | 0.4391    | 0.4412    |
215     | 0.4392    | 0.4414    |
216     | 0.4392    | 0.4416    |
217     | 0.4393    | 0.4416    |
218     | 0.4392    | 0.4418    |
219     | 0.4393    | 0.4418    |
220     | 0.4394    | 0.4421    |
221     | 0.4395    | 0.4424    |
222     | 0.4395    | 0.4424    |
223     | 0.4396    | 0.4424    |
224     | 0.4397    | 0.4425    |
225     | 0.4397    | 0.4425    |
226     | 0.4398    | 0.4427    |
227     | 0.4398    | 0.4428    |
228     | 0.4398    | 0.4428    |
229     | 0.4398    | 0.4429    |
230     | 0.4399    | 0.4426    |
231     | 0.44      | 0.4425    |
232     | 0.4399    | 0.4426    |
233     | 0.4401    | 0.4425    |
234     | 0.44      | 0.4426    |
235     | 0.4399    | 0.4425    |
236     | 0.4401    | 0.4428    |
237     | 0.4399    | 0.4428    |
238     | 0.4402    | 0.4435    |
239     | 0.4403    | 0.4437    |
240     | 0.4403    | 0.4437    |
241     | 0.4403    | 0.444     |
242     | 0.4403    | 0.4441    |
243     | 0.4404    | 0.4441    |
244     | 0.4405    | 0.4442    |
245     | 0.4405    | 0.4441    |
246     | 0.4406    | 0.4442    |
247     | 0.4404    | 0.4439    |
248     | 0.4405    | 0.4439    |
249     | 0.4409    | 0.4437    |
250     | 0.441     | 0.4437    |
251     | 0.4411    | 0.4436    |
252     | 0.4413    | 0.4435    |
253     | 0.4413    | 0.4435    |
254     | 0.4413    | 0.4437    |
255     | 0.4412    | 0.4438    |
256     | 0.4414    | 0.4441    |
257     | 0.4416    | 0.4443    |
258     | 0.4416    | 0.4442    |
259     | 0.4417    | 0.4443    |
260     | 0.4418    | 0.4443    |
261     | 0.442     | 0.4444    |
262     | 0.4422    | 0.4444    |
263     | 0.442     | 0.4445    |
264     | 0.4421    | 0.4446    |
265     | 0.4421    | 0.4445    |
266     | 0.4421    | 0.4446    |
267     | 0.4421    | 0.4448    |
268     | 0.4421    | 0.4444    |
269     | 0.4421    | 0.4444    |
270     | 0.4421    | 0.4443    |
271     | 0.4421    | 0.4444    |
272     | 0.4423    | 0.4444    |
273     | 0.4422    | 0.4444    |
274     | 0.4422    | 0.4442    |
275     | 0.4422    | 0.4444    |
276     | 0.4423    | 0.4443    |
277     | 0.4423    | 0.4444    |
278     | 0.4423    | 0.4444    |
279     | 0.4424    | 0.4446    |
280     | 0.4424    | 0.4446    |
281     | 0.4423    | 0.4448    |
282     | 0.4423    | 0.4447    |
283     | 0.4424    | 0.4447    |
284     | 0.4424    | 0.4447    |
285     | 0.4425    | 0.4447    |
286     | 0.4428    | 0.4446    |
287     | 0.4428    | 0.4445    |
288     | 0.4429    | 0.4445    |
289     | 0.4428    | 0.4446    |
290     | 0.4429    | 0.4443    |
291     | 0.4429    | 0.4442    |
292     | 0.4429    | 0.4444    |
293     | 0.443     | 0.4443    |
294     | 0.4431    | 0.4443    |
295     | 0.443     | 0.4443    |
296     | 0.443     | 0.4443    |
297     | 0.4429    | 0.4441    |
298     | 0.4428    | 0.4443    |
299     | 0.443     | 0.4447    |
300     | 0.443     | 0.4446    |
301     | 0.4431    | 0.4446    |
302     | 0.4433    | 0.4447    |
303     | 0.4432    | 0.4445    |
304     | 0.4434    | 0.4449    |
305     | 0.4434    | 0.4451    |
306     | 0.4433    | 0.4451    |
307     | 0.4434    | 0.4451    |
308     | 0.4434    | 0.445     |
309     | 0.4435    | 0.4451    |
310     | 0.4435    | 0.4451    |
311     | 0.4434    | 0.445     |
312     | 0.4435    | 0.4453    |
313     | 0.4435    | 0.4454    |
314     | 0.4435    | 0.4455    |
315     | 0.4436    | 0.4453    |
316     | 0.4439    | 0.4456    |
317     | 0.4439    | 0.4456    |
318     | 0.4439    | 0.4456    |
319     | 0.4438    | 0.4456    |
320     | 0.4437    | 0.4457    |
321     | 0.4436    | 0.4455    |
322     | 0.4437    | 0.4456    |
323     | 0.4438    | 0.4455    |
324     | 0.4437    | 0.4455    |
325     | 0.4436    | 0.4455    |
326     | 0.4437    | 0.4456    |
327     | 0.4439    | 0.4457    |
328     | 0.444     | 0.4457    |
329     | 0.444     | 0.4457    |
330     | 0.4439    | 0.4455    |
331     | 0.444     | 0.4457    |
332     | 0.444     | 0.4456    |
333     | 0.4441    | 0.4459    |
334     | 0.4443    | 0.4458    |
335     | 0.4443    | 0.4457    |
336     | 0.4443    | 0.4459    |
337     | 0.4443    | 0.4461    |
338     | 0.4442    | 0.4461    |
339     | 0.4442    | 0.4461    |
340     | 0.4446    | 0.4467    |
341     | 0.4445    | 0.4468    |
342     | 0.4446    | 0.447     |
343     | 0.4446    | 0.4468    |
344     | 0.4446    | 0.4468    |
345     | 0.4446    | 0.4469    |
346     | 0.4446    | 0.447     |
347     | 0.4447    | 0.447     |
348     | 0.4447    | 0.4469    |
349     | 0.4448    | 0.4469    |
350     | 0.4448    | 0.447     |
351     | 0.4448    | 0.4471    |
352     | 0.4449    | 0.447     |
353     | 0.4449    | 0.4472    |
354     | 0.4449    | 0.4471    |
355     | 0.445     | 0.4469    |
356     | 0.4449    | 0.4469    |
357     | 0.445     | 0.4469    |
358     | 0.445     | 0.4468    |
359     | 0.445     | 0.4468    |
360     | 0.4451    | 0.4469    |
361     | 0.4452    | 0.447     |
362     | 0.4451    | 0.447     |
363     | 0.4451    | 0.4468    |
364     | 0.4452    | 0.4471    |
365     | 0.4452    | 0.4471    |
366     | 0.4451    | 0.4469    |
367     | 0.4452    | 0.4469    |
368     | 0.445     | 0.447     |
369     | 0.445     | 0.4472    |
370     | 0.4449    | 0.4472    |
371     | 0.4451    | 0.4469    |
372     | 0.4449    | 0.4465    |
373     | 0.4449    | 0.4463    |
374     | 0.4449    | 0.4463    |
375     | 0.4449    | 0.4464    |
376     | 0.4451    | 0.4465    |
377     | 0.4455    | 0.4471    |
378     | 0.4456    | 0.4472    |
379     | 0.4456    | 0.4473    |
380     | 0.4459    | 0.4476    |
381     | 0.4458    | 0.4478    |
382     | 0.4458    | 0.4478    |
383     | 0.4458    | 0.4478    |
384     | 0.4457    | 0.4478    |
385     | 0.4458    | 0.4479    |
386     | 0.4457    | 0.4479    |
387     | 0.4457    | 0.4478    |
388     | 0.4458    | 0.448     |
389     | 0.4462    | 0.4484    |
390     | 0.4462    | 0.4484    |
391     | 0.4462    | 0.4484    |
392     | 0.4462    | 0.4486    |
393     | 0.4462    | 0.4485    |
394     | 0.4462    | 0.4486    |
395     | 0.4463    | 0.4486    |
396     | 0.4464    | 0.4486    |
397     | 0.4463    | 0.4487    |
398     | 0.4463    | 0.4487    |
399     | 0.4463    | 0.4489    |
400     | 0.4463    | 0.4489    |
401     | 0.4464    | 0.4489    |
402     | 0.4464    | 0.4489    |
403     | 0.4464    | 0.449     |
404     | 0.4464    | 0.4489    |
405     | 0.4464    | 0.4492    |
406     | 0.4464    | 0.4492    |
407     | 0.4464    | 0.4492    |
408     | 0.4464    | 0.4492    |
409     | 0.4465    | 0.4492    |
410     | 0.4465    | 0.4492    |
411     | 0.4465    | 0.4492    |
412     | 0.4465    | 0.4494    |
413     | 0.4465    | 0.4493    |
414     | 0.4465    | 0.4493    |
415     | 0.4465    | 0.4493    |
416     | 0.4465    | 0.4493    |
417     | 0.4466    | 0.4491    |
418     | 0.4467    | 0.4491    |
419     | 0.4468    | 0.449     |
420     | 0.4467    | 0.4489    |
421     | 0.4467    | 0.4489    |
422     | 0.4468    | 0.4489    |
423     | 0.4468    | 0.4489    |
424     | 0.4467    | 0.4489    |
425     | 0.4468    | 0.4489    |
426     | 0.4468    | 0.4489    |
427     | 0.4468    | 0.4489    |
428     | 0.4468    | 0.449     |
429     | 0.4469    | 0.449     |
430     | 0.4471    | 0.4491    |
431     | 0.447     | 0.4493    |
432     | 0.4471    | 0.4496    |
433     | 0.447     | 0.4494    |
434     | 0.447     | 0.4494    |
435     | 0.447     | 0.4495    |
436     | 0.4469    | 0.4495    |
437     | 0.4469    | 0.4495    |
438     | 0.4469    | 0.4494    |
439     | 0.4469    | 0.4493    |
440     | 0.4469    | 0.4493    |
441     | 0.4471    | 0.4493    |
442     | 0.4471    | 0.4493    |
443     | 0.4472    | 0.4493    |
444     | 0.4472    | 0.4493    |
445     | 0.4472    | 0.4492    |
446     | 0.4471    | 0.4493    |
447     | 0.4471    | 0.4492    |
448     | 0.4471    | 0.4493    |
449     | 0.4471    | 0.4492    |
450     | 0.447     | 0.4492    |
451     | 0.447     | 0.4492    |
452     | 0.447     | 0.4492    |
453     | 0.447     | 0.4491    |
454     | 0.447     | 0.4492    |
455     | 0.4471    | 0.4491    |
456     | 0.4472    | 0.4491    |
457     | 0.4473    | 0.449     |
458     | 0.4472    | 0.4491    |
459     | 0.4475    | 0.4488    |
460     | 0.4475    | 0.4488    |
461     | 0.4477    | 0.4488    |
462     | 0.4477    | 0.4489    |
463     | 0.4476    | 0.4489    |
464     | 0.4476    | 0.4489    |
465     | 0.4475    | 0.449     |
466     | 0.4477    | 0.4491    |
467     | 0.448     | 0.4492    |
468     | 0.4479    | 0.4495    |
469     | 0.4479    | 0.4493    |
470     | 0.448     | 0.4496    |
471     | 0.448     | 0.4497    |
472     | 0.4482    | 0.4496    |
473     | 0.4483    | 0.4497    |
474     | 0.4483    | 0.4498    |
475     | 0.4483    | 0.4499    |
476     | 0.4482    | 0.4499    |
477     | 0.4483    | 0.4499    |
478     | 0.4485    | 0.4501    |
479     | 0.4485    | 0.45      |
480     | 0.4485    | 0.45      |
481     | 0.4483    | 0.4495    |
482     | 0.4484    | 0.4499    |
483     | 0.4485    | 0.4496    |
484     | 0.4486    | 0.4495    |
485     | 0.4487    | 0.4497    |
486     | 0.4486    | 0.4498    |
487     | 0.4486    | 0.4499    |
488     | 0.4486    | 0.4496    |
489     | 0.4485    | 0.4494    |
490     | 0.4484    | 0.4495    |
491     | 0.4484    | 0.4497    |
492     | 0.4485    | 0.4495    |
493     | 0.4486    | 0.4495    |
494     | 0.4487    | 0.4498    |
495     | 0.4487    | 0.4498    |
496     | 0.4487    | 0.4498    |
497     | 0.4487    | 0.4496    |
498     | 0.4488    | 0.4496    |
499     | 0.4488    | 0.4496    |
500     | 0.4486    | 0.4497    |
501     | 0.4487    | 0.4498    |
502     | 0.4487    | 0.4498    |
503     | 0.4487    | 0.4498    |
504     | 0.4488    | 0.45      |
505     | 0.4489    | 0.4499    |
506     | 0.4488    | 0.45      |
507     | 0.4488    | 0.4499    |
508     | 0.4488    | 0.4499    |
509     | 0.4488    | 0.4498    |
510     | 0.4488    | 0.4499    |
511     | 0.4488    | 0.4498    |
512     | 0.4488    | 0.4497    |
513     | 0.4489    | 0.4496    |
514     | 0.449     | 0.4496    |
515     | 0.4491    | 0.4497    |
516     | 0.4491    | 0.4497    |
517     | 0.4492    | 0.4498    |
518     | 0.4492    | 0.4498    |
519     | 0.4493    | 0.4498    |
520     | 0.4493    | 0.4497    |
521     | 0.4494    | 0.4494    |
522     | 0.4493    | 0.4496    |
523     | 0.4494    | 0.4495    |
524     | 0.4494    | 0.4493    |
525     | 0.4492    | 0.4496    |
526     | 0.4492    | 0.4494    |
527     | 0.4493    | 0.4496    |
528     | 0.4494    | 0.45      |
529     | 0.4494    | 0.4499    |
530     | 0.4494    | 0.4499    |
531     | 0.4493    | 0.4501    |
532     | 0.4493    | 0.4499    |
533     | 0.4493    | 0.4499    |
534     | 0.4493    | 0.45      |
535     | 0.4493    | 0.45      |
536     | 0.4494    | 0.4501    |
537     | 0.4496    | 0.4501    |
538     | 0.4496    | 0.4502    |
539     | 0.4495    | 0.4503    |
540     | 0.4495    | 0.4503    |
541     | 0.4496    | 0.4503    |
542     | 0.4496    | 0.4504    |
543     | 0.4496    | 0.4504    |
544     | 0.4497    | 0.4505    |
545     | 0.4497    | 0.4505    |
546     | 0.4497    | 0.4506    |
547     | 0.4497    | 0.4507    |
548     | 0.4499    | 0.4507    |
549     | 0.4501    | 0.4506    |
550     | 0.4501    | 0.4506    |
551     | 0.4501    | 0.4506    |
552     | 0.4501    | 0.4506    |
553     | 0.4501    | 0.4504    |
554     | 0.45      | 0.4505    |
555     | 0.4501    | 0.4504    |
556     | 0.4502    | 0.4509    |
557     | 0.4502    | 0.4508    |
558     | 0.4502    | 0.4508    |
559     | 0.4504    | 0.4506    |
560     | 0.4504    | 0.4504    |
561     | 0.4504    | 0.4504    |
562     | 0.4505    | 0.4503    |
563     | 0.4503    | 0.4503    |
564     | 0.4503    | 0.4505    |
565     | 0.4503    | 0.4507    |
566     | 0.4504    | 0.4505    |
567     | 0.4504    | 0.4506    |
568     | 0.4506    | 0.4505    |
569     | 0.4506    | 0.4506    |
570     | 0.4507    | 0.4506    |
571     | 0.4507    | 0.4505    |
572     | 0.4509    | 0.4505    |
573     | 0.4509    | 0.4507    |
574     | 0.4509    | 0.4507    |
575     | 0.4509    | 0.4506    |
576     | 0.451     | 0.4505    |
577     | 0.4512    | 0.4506    |
578     | 0.4512    | 0.4506    |
579     | 0.4512    | 0.4508    |
580     | 0.4511    | 0.4508    |
581     | 0.4513    | 0.4509    |
582     | 0.4513    | 0.4509    |
583     | 0.4514    | 0.4508    |
584     | 0.4514    | 0.4508    |
585     | 0.4513    | 0.4508    |
586     | 0.4514    | 0.4509    |
587     | 0.4514    | 0.4509    |
588     | 0.4513    | 0.4509    |
589     | 0.4515    | 0.451     |
590     | 0.4514    | 0.451     |
591     | 0.4515    | 0.4511    |
592     | 0.4515    | 0.4511    |
593     | 0.4515    | 0.4511    |
594     | 0.4515    | 0.451     |
595     | 0.4515    | 0.4508    |
596     | 0.4515    | 0.451     |
597     | 0.4515    | 0.4506    |
598     | 0.4516    | 0.4506    |
599     | 0.4515    | 0.4507    |
600     | 0.4516    | 0.4509    |
601     | 0.4517    | 0.4509    |
602     | 0.4518    | 0.451     |
603     | 0.4517    | 0.4508    |
604     | 0.4517    | 0.4508    |
605     | 0.4517    | 0.4508    |
606     | 0.4517    | 0.4508    |
607     | 0.4517    | 0.4507    |
608     | 0.4517    | 0.4507    |
609     | 0.4518    | 0.4506    |
610     | 0.4518    | 0.4507    |
611     | 0.4518    | 0.4509    |
612     | 0.4519    | 0.4508    |
613     | 0.4519    | 0.4511    |
614     | 0.452     | 0.4512    |
615     | 0.4519    | 0.4513    |
616     | 0.452     | 0.4512    |
617     | 0.452     | 0.4512    |
618     | 0.4521    | 0.4509    |
619     | 0.4521    | 0.4509    |
620     | 0.4521    | 0.451     |
621     | 0.452     | 0.451     |
622     | 0.4519    | 0.4509    |
623     | 0.452     | 0.4508    |
624     | 0.452     | 0.4509    |
625     | 0.452     | 0.451     |
626     | 0.452     | 0.4513    |
627     | 0.452     | 0.4512    |
628     | 0.452     | 0.4513    |
629     | 0.4521    | 0.4511    |
630     | 0.4521    | 0.4511    |
631     | 0.4522    | 0.4512    |
632     | 0.4522    | 0.4512    |
633     | 0.4523    | 0.4512    |
634     | 0.4523    | 0.4511    |
635     | 0.4524    | 0.4511    |
636     | 0.4524    | 0.4512    |
637     | 0.4524    | 0.4513    |
638     | 0.4525    | 0.4513    |
639     | 0.4524    | 0.4513    |
640     | 0.4523    | 0.4511    |
641     | 0.4523    | 0.4512    |
642     | 0.4523    | 0.4513    |
643     | 0.4525    | 0.4514    |
644     | 0.4525    | 0.4514    |
645     | 0.4525    | 0.4513    |
646     | 0.4525    | 0.4513    |
647     | 0.4525    | 0.4513    |
648     | 0.4525    | 0.4512    |
649     | 0.4525    | 0.4512    |
650     | 0.4525    | 0.4512    |
651     | 0.4525    | 0.4512    |
652     | 0.4525    | 0.4513    |
653     | 0.4524    | 0.4514    |
654     | 0.4524    | 0.4516    |
655     | 0.4525    | 0.4516    |
656     | 0.4525    | 0.4517    |
657     | 0.4526    | 0.4518    |
658     | 0.4526    | 0.4518    |
659     | 0.4526    | 0.4517    |
660     | 0.4526    | 0.4517    |
661     | 0.4527    | 0.4516    |
662     | 0.4527    | 0.4515    |
663     | 0.4528    | 0.4515    |
664     | 0.4528    | 0.4515    |
665     | 0.453     | 0.4513    |
666     | 0.453     | 0.4514    |
667     | 0.4531    | 0.4513    |
668     | 0.4531    | 0.4514    |
669     | 0.4531    | 0.4513    |
670     | 0.4531    | 0.4514    |
671     | 0.453     | 0.4514    |
672     | 0.4531    | 0.4514    |
673     | 0.453     | 0.4514    |
674     | 0.453     | 0.4513    |
675     | 0.453     | 0.4513    |
676     | 0.4529    | 0.4513    |
677     | 0.4529    | 0.4513    |
678     | 0.4529    | 0.4512    |
679     | 0.453     | 0.4512    |
680     | 0.4531    | 0.4513    |
681     | 0.4532    | 0.4514    |
682     | 0.4531    | 0.4513    |
683     | 0.4531    | 0.4513    |
684     | 0.4532    | 0.4514    |
685     | 0.4531    | 0.4514    |
686     | 0.4531    | 0.4514    |
687     | 0.4531    | 0.4513    |
688     | 0.4532    | 0.4512    |
689     | 0.4531    | 0.4512    |
690     | 0.4531    | 0.4512    |
691     | 0.453     | 0.4513    |
692     | 0.453     | 0.4514    |
693     | 0.453     | 0.4514    |
694     | 0.453     | 0.4512    |
695     | 0.4529    | 0.4512    |
696     | 0.453     | 0.4511    |
697     | 0.453     | 0.4511    |
698     | 0.453     | 0.4512    |
699     | 0.453     | 0.4512    |
700     | 0.453     | 0.4512    |
701     | 0.4531    | 0.4512    |
702     | 0.4531    | 0.4513    |
703     | 0.4531    | 0.4515    |
704     | 0.4531    | 0.4515    |
705     | 0.4531    | 0.4515    |
706     | 0.4532    | 0.4514    |
707     | 0.4532    | 0.4514    |
708     | 0.4531    | 0.4514    |
709     | 0.4532    | 0.4514    |
710     | 0.4532    | 0.4514    |
711     | 0.4532    | 0.4514    |
712     | 0.4532    | 0.4515    |
713     | 0.4533    | 0.4515    |
714     | 0.4534    | 0.4516    |
715     | 0.4535    | 0.4517    |
716     | 0.4535    | 0.4516    |
717     | 0.4535    | 0.4516    |
718     | 0.4536    | 0.4517    |
719     | 0.4537    | 0.4515    |
720     | 0.4537    | 0.4514    |
721     | 0.4537    | 0.4515    |
722     | 0.4536    | 0.4516    |
723     | 0.4537    | 0.4517    |
724     | 0.4537    | 0.4517    |
725     | 0.4537    | 0.4514    |
726     | 0.4538    | 0.4515    |
727     | 0.4539    | 0.4517    |
728     | 0.454     | 0.4517    |
729     | 0.4541    | 0.4517    |
730     | 0.4539    | 0.4518    |
731     | 0.454     | 0.4517    |
732     | 0.454     | 0.4517    |
733     | 0.4539    | 0.4517    |
734     | 0.4538    | 0.4516    |
735     | 0.4539    | 0.4515    |
736     | 0.4541    | 0.4518    |
737     | 0.454     | 0.4518    |
738     | 0.454     | 0.4517    |
739     | 0.454     | 0.4516    |
740     | 0.4541    | 0.4516    |
741     | 0.4542    | 0.4516    |
742     | 0.4541    | 0.4516    |
743     | 0.454     | 0.4516    |
744     | 0.4541    | 0.4516    |
745     | 0.4542    | 0.4518    |
746     | 0.4544    | 0.4517    |
747     | 0.4544    | 0.4517    |
748     | 0.4544    | 0.4517    |
749     | 0.4544    | 0.4516    |
750     | 0.4544    | 0.4517    |
751     | 0.4544    | 0.4517    |
752     | 0.4544    | 0.4516    |
753     | 0.4545    | 0.4517    |
754     | 0.4545    | 0.4516    |
755     | 0.4547    | 0.4516    |
756     | 0.4546    | 0.4516    |
757     | 0.4546    | 0.4515    |
758     | 0.4547    | 0.4518    |
759     | 0.4548    | 0.4518    |
760     | 0.4549    | 0.4518    |
761     | 0.4548    | 0.4518    |
762     | 0.4549    | 0.4516    |
763     | 0.4548    | 0.4516    |
764     | 0.4549    | 0.4518    |
765     | 0.4549    | 0.4518    |
766     | 0.4549    | 0.4519    |
767     | 0.4548    | 0.4519    |
768     | 0.4548    | 0.4518    |
769     | 0.455     | 0.452     |
770     | 0.4549    | 0.4518    |
771     | 0.4548    | 0.452     |
772     | 0.4547    | 0.452     |
773     | 0.4549    | 0.452     |
774     | 0.455     | 0.4523    |
775     | 0.4551    | 0.4521    |
776     | 0.455     | 0.452     |
777     | 0.4551    | 0.4519    |
778     | 0.4551    | 0.4521    |
779     | 0.455     | 0.4521    |
780     | 0.4551    | 0.452     |
781     | 0.4551    | 0.452     |
782     | 0.4551    | 0.4521    |
783     | 0.4551    | 0.4521    |
784     | 0.4552    | 0.452     |
785     | 0.4549    | 0.4521    |
786     | 0.4549    | 0.452     |
787     | 0.4551    | 0.452     |
788     | 0.455     | 0.4515    |
789     | 0.455     | 0.4515    |
790     | 0.4551    | 0.4515    |
791     | 0.4552    | 0.4516    |
792     | 0.4551    | 0.4516    |
793     | 0.4551    | 0.4516    |
794     | 0.4551    | 0.4516    |
795     | 0.4552    | 0.4516    |
796     | 0.4552    | 0.4514    |
797     | 0.4553    | 0.4514    |
798     | 0.4553    | 0.4513    |
799     | 0.4554    | 0.4513    |
800     | 0.4554    | 0.4513    |
801     | 0.4554    | 0.4513    |
802     | 0.4553    | 0.4513    |
803     | 0.4553    | 0.4513    |
804     | 0.4553    | 0.4513    |
805     | 0.4553    | 0.4514    |
806     | 0.4553    | 0.4513    |
807     | 0.4552    | 0.4513    |
808     | 0.4553    | 0.4514    |
809     | 0.4553    | 0.4513    |
810     | 0.4552    | 0.4513    |
811     | 0.4553    | 0.4515    |
812     | 0.4553    | 0.4512    |
813     | 0.4554    | 0.4511    |
814     | 0.4555    | 0.4514    |
815     | 0.4556    | 0.4515    |
816     | 0.4556    | 0.4515    |
817     | 0.4556    | 0.4515    |
818     | 0.4557    | 0.4517    |
819     | 0.4557    | 0.4517    |
820     | 0.4557    | 0.4517    |
821     | 0.4557    | 0.4518    |
822     | 0.4557    | 0.4518    |
823     | 0.4557    | 0.4514    |
824     | 0.4559    | 0.4514    |
825     | 0.4559    | 0.4513    |
826     | 0.4559    | 0.4513    |
827     | 0.456     | 0.4513    |
828     | 0.456     | 0.4514    |
829     | 0.456     | 0.4519    |
830     | 0.456     | 0.4519    |
831     | 0.456     | 0.4519    |
832     | 0.4559    | 0.4518    |
833     | 0.456     | 0.4519    |
834     | 0.4559    | 0.452     |
835     | 0.4559    | 0.452     |
836     | 0.456     | 0.452     |
837     | 0.456     | 0.452     |
838     | 0.456     | 0.4522    |
839     | 0.456     | 0.4521    |
840     | 0.456     | 0.4523    |
841     | 0.456     | 0.4523    |
842     | 0.456     | 0.4523    |
843     | 0.4561    | 0.4523    |
844     | 0.4561    | 0.4523    |
845     | 0.4561    | 0.4523    |
846     | 0.4561    | 0.4524    |
847     | 0.4561    | 0.4523    |
848     | 0.4562    | 0.4523    |
849     | 0.4562    | 0.4523    |
850     | 0.4562    | 0.4523    |
851     | 0.4562    | 0.452     |
852     | 0.4562    | 0.452     |
853     | 0.4562    | 0.452     |
854     | 0.4562    | 0.4522    |
855     | 0.4563    | 0.4522    |
856     | 0.4562    | 0.4522    |
857     | 0.4564    | 0.4524    |
858     | 0.4564    | 0.4524    |
859     | 0.4565    | 0.4523    |
860     | 0.4565    | 0.4523    |
861     | 0.4566    | 0.4521    |
862     | 0.4565    | 0.4523    |
863     | 0.4565    | 0.4522    |
864     | 0.4566    | 0.4523    |
865     | 0.4566    | 0.4523    |
866     | 0.4567    | 0.4524    |
867     | 0.4567    | 0.4524    |
868     | 0.4568    | 0.4525    |
869     | 0.4568    | 0.4524    |
870     | 0.4568    | 0.4524    |
871     | 0.4567    | 0.4525    |
872     | 0.4567    | 0.4524    |
873     | 0.4568    | 0.4524    |
874     | 0.4568    | 0.4525    |
875     | 0.4569    | 0.4525    |
876     | 0.4569    | 0.4525    |
877     | 0.457     | 0.4524    |
878     | 0.457     | 0.4524    |
879     | 0.457     | 0.4523    |
880     | 0.457     | 0.4524    |
881     | 0.4571    | 0.4525    |
882     | 0.457     | 0.4525    |
883     | 0.457     | 0.4524    |
884     | 0.4569    | 0.4524    |
885     | 0.457     | 0.4525    |
886     | 0.4569    | 0.4525    |
887     | 0.4568    | 0.4525    |
888     | 0.4568    | 0.4526    |
889     | 0.4569    | 0.4526    |
890     | 0.4569    | 0.4526    |
891     | 0.4569    | 0.4526    |
892     | 0.4571    | 0.4525    |
893     | 0.4571    | 0.4525    |
894     | 0.4571    | 0.4525    |
895     | 0.4571    | 0.4524    |
896     | 0.4571    | 0.4525    |
897     | 0.457     | 0.4525    |
898     | 0.4569    | 0.4524    |
899     | 0.457     | 0.4525    |
900     | 0.4569    | 0.4525    |
901     | 0.457     | 0.4524    |
902     | 0.457     | 0.4526    |
903     | 0.4572    | 0.4529    |
904     | 0.4571    | 0.4529    |
905     | 0.4573    | 0.4528    |
906     | 0.4573    | 0.4528    |
907     | 0.4572    | 0.4526    |
908     | 0.4574    | 0.4525    |
909     | 0.4574    | 0.4524    |
910     | 0.4574    | 0.4525    |
911     | 0.4575    | 0.4525    |
912     | 0.4575    | 0.4525    |
913     | 0.4574    | 0.4524    |
914     | 0.4575    | 0.4528    |
915     | 0.4575    | 0.453     |
916     | 0.4574    | 0.453     |
917     | 0.4575    | 0.4529    |
918     | 0.4576    | 0.4528    |
919     | 0.4576    | 0.4528    |
920     | 0.4577    | 0.4529    |
921     | 0.4577    | 0.4529    |
922     | 0.4576    | 0.4528    |
923     | 0.4577    | 0.4529    |
924     | 0.4577    | 0.4529    |
925     | 0.4577    | 0.4528    |
926     | 0.4577    | 0.4528    |
927     | 0.4576    | 0.4529    |
928     | 0.4575    | 0.4529    |
929     | 0.4575    | 0.4528    |
930     | 0.4575    | 0.4529    |
931     | 0.4576    | 0.4529    |
932     | 0.4575    | 0.453     |
933     | 0.4576    | 0.453     |
934     | 0.4577    | 0.4532    |
935     | 0.4576    | 0.4532    |
936     | 0.4576    | 0.4533    |
937     | 0.4575    | 0.4532    |
938     | 0.4576    | 0.4532    |
939     | 0.4576    | 0.4531    |
940     | 0.4578    | 0.4532    |
941     | 0.4579    | 0.4531    |
942     | 0.4579    | 0.453     |
943     | 0.4578    | 0.4531    |
944     | 0.4578    | 0.4532    |
945     | 0.4577    | 0.4532    |
946     | 0.4577    | 0.4532    |
947     | 0.4578    | 0.4532    |
948     | 0.4579    | 0.4531    |
949     | 0.4579    | 0.4534    |
950     | 0.4581    | 0.4535    |
951     | 0.4581    | 0.4533    |
952     | 0.4582    | 0.4534    |
953     | 0.4582    | 0.4533    |
954     | 0.4585    | 0.4536    |
955     | 0.4586    | 0.4537    |
956     | 0.4587    | 0.4536    |
957     | 0.4586    | 0.4536    |
958     | 0.4586    | 0.4535    |
959     | 0.4586    | 0.4537    |
960     | 0.4585    | 0.4538    |
961     | 0.4586    | 0.4537    |
962     | 0.4587    | 0.4536    |
963     | 0.4588    | 0.4538    |
964     | 0.4588    | 0.4537    |
965     | 0.4587    | 0.4536    |
966     | 0.4587    | 0.4536    |
967     | 0.4587    | 0.4535    |
968     | 0.4587    | 0.4535    |
969     | 0.4587    | 0.4535    |
970     | 0.4587    | 0.4535    |
971     | 0.4588    | 0.4535    |
972     | 0.4588    | 0.4535    |
973     | 0.4588    | 0.4535    |
974     | 0.4588    | 0.4535    |
975     | 0.4588    | 0.4537    |
976     | 0.4589    | 0.4537    |
977     | 0.4588    | 0.4538    |
978     | 0.4588    | 0.4539    |
979     | 0.4587    | 0.4539    |
980     | 0.4589    | 0.454     |
981     | 0.4589    | 0.4542    |
982     | 0.459     | 0.4542    |
983     | 0.4591    | 0.4542    |
984     | 0.459     | 0.454     |
985     | 0.459     | 0.4539    |
986     | 0.4591    | 0.4541    |
987     | 0.4591    | 0.454     |
988     | 0.4591    | 0.4539    |
989     | 0.4591    | 0.4538    |
990     | 0.4592    | 0.454     |
991     | 0.4591    | 0.454     |
992     | 0.4592    | 0.4541    |
993     | 0.4592    | 0.454     |
994     | 0.4592    | 0.454     |
995     | 0.4592    | 0.4538    |
996     | 0.4593    | 0.4537    |
997     | 0.4592    | 0.4537    |
998     | 0.4592    | 0.4536    |
999     | 0.4592    | 0.4538    |
1000    | 0.4591    | 0.4538    |
---------------------------------
Finished sucessfully.
NDCG@10 on training data: 0.4589
NDCG@10 on validation data: 0.4542
---------------------------------
NDCG@10 on test data: 0.4421

Model saved to: mymodel-mart.txt
