[harshitha@csil RankLib]$ java -jar RankLib-2.1-patched.jar -train Fold2/train.txt -test Fold2/test.txt -validate Fold2/vali.txt -ranker 6 -metric2t NDCG@10 -metric2T NDCG@10 -save mymodel-lm2.txt

[+] General Parameters:
Training data:  Fold2/train.txt
Test data:      Fold2/test.txt
Validation data:        Fold2/vali.txt
Feature vector representation: Dense.
Ranking method: LambdaMART
Feature description file:       Unspecified. All features will be used.
Train metric:   NDCG@10
Test metric:    NDCG@10
Feature normalization: No
Model file: mymodel-lm2.txt

[+] LambdaMART's Parameters:
No. of trees: 1000
No. of leaves: 10
No. of threshold candidates: 256
Learning rate: 0.1
Stop early: 100 rounds without performance gain on validation data

Reading feature file [Fold2/train.txt]... [Done.]
(6000 ranked lists, 716683 entries read)
Reading feature file [Fold2/vali.txt]... [Done.]
(2000 ranked lists, 241521 entries read)
Reading feature file [Fold2/test.txt]... [Done.]
(2000 ranked lists, 241988 entries read)
Initializing... [Done]
---------------------------------
Training starts...
---------------------------------
#iter   | NDCG@10-T | NDCG@10-V |
---------------------------------
1       | 0.3347    | 0.3319    |
2       | 0.3504    | 0.3458    |
3       | 0.3528    | 0.3479    |
4       | 0.3528    | 0.3479    |
5       | 0.3528    | 0.3479    |
6       | 0.3641    | 0.359     |
7       | 0.3637    | 0.3591    |
8       | 0.3704    | 0.3659    |
9       | 0.3704    | 0.366     |
10      | 0.3783    | 0.3762    |
11      | 0.3787    | 0.3767    |
12      | 0.3793    | 0.3768    |
13      | 0.381     | 0.3775    |
14      | 0.3838    | 0.379     |
15      | 0.3847    | 0.3792    |
16      | 0.3864    | 0.3808    |
17      | 0.3862    | 0.3807    |
18      | 0.3923    | 0.3856    |
19      | 0.3926    | 0.3858    |
20      | 0.3934    | 0.3871    |
21      | 0.3944    | 0.3877    |
22      | 0.395     | 0.3881    |
23      | 0.396     | 0.3904    |
24      | 0.3984    | 0.3913    |
25      | 0.3996    | 0.391     |
26      | 0.4011    | 0.3916    |
27      | 0.4016    | 0.3932    |
28      | 0.4025    | 0.3934    |
29      | 0.4032    | 0.394     |
30      | 0.4046    | 0.3943    |
31      | 0.4055    | 0.3959    |
32      | 0.4062    | 0.3972    |
33      | 0.4075    | 0.3983    |
34      | 0.4078    | 0.3988    |
35      | 0.4086    | 0.3993    |
36      | 0.4092    | 0.4001    |
37      | 0.4098    | 0.4006    |
38      | 0.4111    | 0.4013    |
39      | 0.4118    | 0.402     |
40      | 0.4125    | 0.4022    |
41      | 0.4133    | 0.4028    |
42      | 0.4135    | 0.4034    |
43      | 0.4137    | 0.4036    |
44      | 0.4146    | 0.404     |
45      | 0.4157    | 0.4052    |
46      | 0.4161    | 0.4052    |
47      | 0.4169    | 0.4053    |
48      | 0.4173    | 0.4055    |
49      | 0.4183    | 0.4062    |
50      | 0.4188    | 0.4061    |
51      | 0.4193    | 0.4073    |
52      | 0.4197    | 0.4076    |
53      | 0.4201    | 0.4083    |
54      | 0.4207    | 0.4089    |
55      | 0.4214    | 0.4098    |
56      | 0.4213    | 0.4102    |
57      | 0.4221    | 0.4105    |
58      | 0.4227    | 0.411     |
59      | 0.4232    | 0.411     |
60      | 0.4235    | 0.4113    |
61      | 0.4236    | 0.4113    |
62      | 0.4241    | 0.4121    |
63      | 0.4246    | 0.413     |
64      | 0.4251    | 0.4134    |
65      | 0.4255    | 0.4138    |
66      | 0.4261    | 0.4151    |
67      | 0.4265    | 0.4151    |
68      | 0.4271    | 0.416     |
69      | 0.4279    | 0.4165    |
70      | 0.4278    | 0.4168    |
71      | 0.4284    | 0.4176    |
72      | 0.4289    | 0.4186    |
73      | 0.4292    | 0.4185    |
74      | 0.4296    | 0.4188    |
75      | 0.4298    | 0.4191    |
76      | 0.4299    | 0.4191    |
77      | 0.4305    | 0.4194    |
78      | 0.4307    | 0.4198    |
79      | 0.4311    | 0.4205    |
80      | 0.4316    | 0.4205    |
81      | 0.4319    | 0.4209    |
82      | 0.4321    | 0.4214    |
83      | 0.4326    | 0.4212    |
84      | 0.4332    | 0.4215    |
85      | 0.4335    | 0.4215    |
86      | 0.4337    | 0.4219    |
87      | 0.4339    | 0.4227    |
88      | 0.4344    | 0.4222    |
89      | 0.4348    | 0.4227    |
90      | 0.4351    | 0.4228    |
91      | 0.4355    | 0.4232    |
92      | 0.4359    | 0.4234    |
93      | 0.4358    | 0.4236    |
94      | 0.4362    | 0.4233    |
95      | 0.4367    | 0.4236    |
96      | 0.4367    | 0.4239    |
97      | 0.437     | 0.4241    |
98      | 0.4372    | 0.4241    |
99      | 0.4374    | 0.4241    |
100     | 0.4376    | 0.424     |
101     | 0.4377    | 0.4241    |
102     | 0.4381    | 0.4246    |
103     | 0.4383    | 0.4247    |
104     | 0.4384    | 0.425     |
105     | 0.4385    | 0.4252    |
106     | 0.4388    | 0.4259    |
107     | 0.4392    | 0.4262    |
108     | 0.4397    | 0.4263    |
109     | 0.4399    | 0.4269    |
110     | 0.4404    | 0.4272    |
111     | 0.4402    | 0.4275    |
112     | 0.4404    | 0.4277    |
113     | 0.4405    | 0.4282    |
114     | 0.4406    | 0.4283    |
115     | 0.4404    | 0.4284    |
116     | 0.441     | 0.4287    |
117     | 0.441     | 0.4287    |
118     | 0.4412    | 0.4285    |
119     | 0.4414    | 0.4283    |
120     | 0.4414    | 0.4287    |
121     | 0.4418    | 0.4294    |
122     | 0.442     | 0.4297    |
123     | 0.4422    | 0.4294    |
124     | 0.4427    | 0.4296    |
125     | 0.443     | 0.4301    |
126     | 0.4429    | 0.4298    |
127     | 0.4429    | 0.4297    |
128     | 0.4431    | 0.4296    |
129     | 0.4433    | 0.43      |
130     | 0.4433    | 0.43      |
131     | 0.4434    | 0.4301    |
132     | 0.4435    | 0.4306    |
133     | 0.4439    | 0.4305    |
134     | 0.4439    | 0.4308    |
135     | 0.4439    | 0.4311    |
136     | 0.4441    | 0.4312    |
137     | 0.4444    | 0.4314    |
138     | 0.4446    | 0.4314    |
139     | 0.4446    | 0.4317    |
140     | 0.4448    | 0.4314    |
141     | 0.4451    | 0.4316    |
142     | 0.4452    | 0.4312    |
143     | 0.4452    | 0.4315    |
144     | 0.4453    | 0.4315    |
145     | 0.4453    | 0.4314    |
146     | 0.4453    | 0.4317    |
147     | 0.4455    | 0.4316    |
148     | 0.4455    | 0.4316    |
149     | 0.4458    | 0.4317    |
150     | 0.4456    | 0.4314    |
151     | 0.4459    | 0.4317    |
152     | 0.4458    | 0.4316    |
153     | 0.4459    | 0.4317    |
154     | 0.4462    | 0.4318    |
155     | 0.4465    | 0.4318    |
156     | 0.4464    | 0.4321    |
157     | 0.4467    | 0.4323    |
158     | 0.4469    | 0.4327    |
159     | 0.4471    | 0.4324    |
160     | 0.4473    | 0.4325    |
161     | 0.4475    | 0.4327    |
162     | 0.4475    | 0.4327    |
163     | 0.4474    | 0.4328    |
164     | 0.4477    | 0.4329    |
165     | 0.4476    | 0.4328    |
166     | 0.4476    | 0.4328    |
167     | 0.4476    | 0.4334    |
168     | 0.4477    | 0.4334    |
169     | 0.4479    | 0.4334    |
170     | 0.4481    | 0.4335    |
171     | 0.4481    | 0.4336    |
172     | 0.4483    | 0.4337    |
173     | 0.4484    | 0.4337    |
174     | 0.4482    | 0.4341    |
175     | 0.4485    | 0.4341    |
176     | 0.4486    | 0.434     |
177     | 0.4487    | 0.4341    |
178     | 0.4487    | 0.4343    |
179     | 0.4488    | 0.4346    |
180     | 0.4488    | 0.4346    |
181     | 0.449     | 0.4346    |
182     | 0.4491    | 0.4347    |
183     | 0.4493    | 0.4348    |
184     | 0.4492    | 0.4348    |
185     | 0.4492    | 0.4346    |
186     | 0.4493    | 0.4344    |
187     | 0.4491    | 0.4347    |
188     | 0.4495    | 0.4344    |
189     | 0.4495    | 0.4347    |
190     | 0.4497    | 0.4349    |
191     | 0.4499    | 0.435     |
192     | 0.4499    | 0.4346    |
193     | 0.4501    | 0.435     |
194     | 0.4501    | 0.4349    |
195     | 0.45      | 0.4348    |
196     | 0.4502    | 0.4351    |
197     | 0.4503    | 0.4353    |
198     | 0.4504    | 0.4356    |
199     | 0.4506    | 0.4355    |
200     | 0.4508    | 0.4355    |
201     | 0.4508    | 0.4355    |
202     | 0.4507    | 0.4354    |
203     | 0.4509    | 0.4358    |
204     | 0.4512    | 0.4355    |
205     | 0.4514    | 0.4355    |
206     | 0.4514    | 0.4357    |
207     | 0.4515    | 0.4356    |
208     | 0.4517    | 0.4355    |
209     | 0.4517    | 0.4355    |
210     | 0.4518    | 0.4355    |
211     | 0.4518    | 0.4355    |
212     | 0.4519    | 0.4355    |
213     | 0.4518    | 0.4355    |
214     | 0.4519    | 0.4357    |
215     | 0.4518    | 0.4358    |
216     | 0.4519    | 0.4363    |
217     | 0.4519    | 0.4363    |
218     | 0.4521    | 0.4363    |
219     | 0.4524    | 0.4362    |
220     | 0.4524    | 0.4361    |
221     | 0.4525    | 0.4361    |
222     | 0.4525    | 0.4362    |
223     | 0.4528    | 0.4364    |
224     | 0.453     | 0.4363    |
225     | 0.453     | 0.4362    |
226     | 0.453     | 0.4365    |
227     | 0.4531    | 0.4365    |
228     | 0.4533    | 0.4365    |
229     | 0.4533    | 0.4364    |
230     | 0.4533    | 0.4367    |
231     | 0.4533    | 0.4366    |
232     | 0.4533    | 0.4368    |
233     | 0.4534    | 0.4367    |
234     | 0.4537    | 0.4367    |
235     | 0.4537    | 0.4364    |
236     | 0.4537    | 0.4366    |
237     | 0.4538    | 0.4367    |
238     | 0.4538    | 0.4368    |
239     | 0.4537    | 0.4368    |
240     | 0.4538    | 0.4368    |
241     | 0.4538    | 0.4368    |
242     | 0.4538    | 0.4368    |
243     | 0.4542    | 0.4367    |
244     | 0.4543    | 0.4366    |
245     | 0.4544    | 0.4368    |
246     | 0.4544    | 0.4372    |
247     | 0.4543    | 0.4373    |
248     | 0.4544    | 0.4375    |
249     | 0.4545    | 0.4377    |
250     | 0.4545    | 0.4374    |
251     | 0.4546    | 0.4378    |
252     | 0.4547    | 0.4384    |
253     | 0.4547    | 0.4384    |
254     | 0.4547    | 0.4384    |
255     | 0.455     | 0.4382    |
256     | 0.4549    | 0.4382    |
257     | 0.4551    | 0.4381    |
258     | 0.4551    | 0.4382    |
259     | 0.4552    | 0.4381    |
260     | 0.4555    | 0.4378    |
261     | 0.4555    | 0.4378    |
262     | 0.4555    | 0.4379    |
263     | 0.4556    | 0.4379    |
264     | 0.4556    | 0.4377    |
265     | 0.4556    | 0.4378    |
266     | 0.4558    | 0.438     |
267     | 0.4561    | 0.4384    |
268     | 0.4564    | 0.4383    |
269     | 0.4563    | 0.4386    |
270     | 0.4564    | 0.4386    |
271     | 0.4564    | 0.4387    |
272     | 0.4564    | 0.4387    |
273     | 0.4563    | 0.4386    |
274     | 0.4567    | 0.439     |
275     | 0.4568    | 0.439     |
276     | 0.4568    | 0.4387    |
277     | 0.4569    | 0.4386    |
278     | 0.457     | 0.4383    |
279     | 0.4569    | 0.4385    |
280     | 0.457     | 0.4386    |
281     | 0.4571    | 0.4387    |
282     | 0.4573    | 0.439     |
283     | 0.4573    | 0.4389    |
284     | 0.4573    | 0.439     |
285     | 0.4577    | 0.4397    |
286     | 0.4576    | 0.4397    |
287     | 0.4576    | 0.4399    |
288     | 0.4577    | 0.4398    |
289     | 0.4577    | 0.4398    |
290     | 0.4578    | 0.4398    |
291     | 0.4581    | 0.4398    |
292     | 0.458     | 0.4397    |
293     | 0.458     | 0.4397    |
294     | 0.4581    | 0.4398    |
295     | 0.4581    | 0.4397    |
296     | 0.4584    | 0.4395    |
297     | 0.4584    | 0.4394    |
298     | 0.4584    | 0.4394    |
299     | 0.4584    | 0.4396    |
300     | 0.4586    | 0.4395    |
301     | 0.4586    | 0.4398    |
302     | 0.4585    | 0.4398    |
303     | 0.4586    | 0.4397    |
304     | 0.4586    | 0.4398    |
305     | 0.4587    | 0.4399    |
306     | 0.4589    | 0.44      |
307     | 0.4591    | 0.4399    |
308     | 0.4591    | 0.4399    |
309     | 0.4592    | 0.4399    |
310     | 0.4593    | 0.44      |
311     | 0.4593    | 0.44      |
312     | 0.4592    | 0.4401    |
313     | 0.4592    | 0.44      |
314     | 0.4592    | 0.44      |
315     | 0.4594    | 0.4402    |
316     | 0.4593    | 0.4399    |
317     | 0.4594    | 0.4399    |
318     | 0.4593    | 0.4399    |
319     | 0.4597    | 0.4403    |
320     | 0.4598    | 0.4404    |
321     | 0.4597    | 0.4404    |
322     | 0.4597    | 0.4402    |
323     | 0.4599    | 0.4401    |
324     | 0.4601    | 0.4406    |
325     | 0.4602    | 0.4408    |
326     | 0.4601    | 0.441     |
327     | 0.4601    | 0.4407    |
328     | 0.46      | 0.4405    |
329     | 0.4601    | 0.4405    |
330     | 0.4602    | 0.4406    |
331     | 0.4603    | 0.4407    |
332     | 0.4604    | 0.4409    |
333     | 0.4604    | 0.4409    |
334     | 0.4604    | 0.4406    |
335     | 0.4604    | 0.4406    |
336     | 0.4605    | 0.4408    |
337     | 0.4606    | 0.4408    |
338     | 0.4605    | 0.4408    |
339     | 0.4605    | 0.4407    |
340     | 0.4605    | 0.4407    |
341     | 0.4607    | 0.4406    |
342     | 0.4607    | 0.441     |
343     | 0.4608    | 0.441     |
344     | 0.4608    | 0.441     |
345     | 0.4608    | 0.441     |
346     | 0.4609    | 0.441     |
347     | 0.4608    | 0.441     |
348     | 0.4609    | 0.4409    |
349     | 0.4609    | 0.441     |
350     | 0.461     | 0.4411    |
351     | 0.4611    | 0.4412    |
352     | 0.4612    | 0.4414    |
353     | 0.4612    | 0.4414    |
354     | 0.4614    | 0.4416    |
355     | 0.4614    | 0.4415    |
356     | 0.4615    | 0.4415    |
357     | 0.4615    | 0.4415    |
358     | 0.4615    | 0.4415    |
359     | 0.4615    | 0.4415    |
360     | 0.4615    | 0.4415    |
361     | 0.4615    | 0.4415    |
362     | 0.4616    | 0.4413    |
363     | 0.4616    | 0.4411    |
364     | 0.4618    | 0.4412    |
365     | 0.4618    | 0.4415    |
366     | 0.4619    | 0.4414    |
367     | 0.4619    | 0.4411    |
368     | 0.4619    | 0.4412    |
369     | 0.4619    | 0.4412    |
370     | 0.462     | 0.441     |
371     | 0.4621    | 0.4411    |
372     | 0.4621    | 0.4412    |
373     | 0.4622    | 0.441     |
374     | 0.4623    | 0.4409    |
375     | 0.4622    | 0.4408    |
376     | 0.4622    | 0.4406    |
377     | 0.4623    | 0.4407    |
378     | 0.4623    | 0.4407    |
379     | 0.4623    | 0.4407    |
380     | 0.4625    | 0.441     |
381     | 0.4624    | 0.441     |
382     | 0.4626    | 0.441     |
383     | 0.4626    | 0.441     |
384     | 0.4625    | 0.4411    |
385     | 0.4628    | 0.4409    |
386     | 0.4627    | 0.441     |
387     | 0.4629    | 0.441     |
388     | 0.463     | 0.4413    |
389     | 0.463     | 0.4411    |
390     | 0.463     | 0.4414    |
391     | 0.4632    | 0.4416    |
392     | 0.4633    | 0.4416    |
393     | 0.4633    | 0.4417    |
394     | 0.4633    | 0.4416    |
395     | 0.4633    | 0.4415    |
396     | 0.4633    | 0.4418    |
397     | 0.4633    | 0.4416    |
398     | 0.4633    | 0.4417    |
399     | 0.4633    | 0.4416    |
400     | 0.4633    | 0.4416    |
401     | 0.4634    | 0.4418    |
402     | 0.4635    | 0.4417    |
403     | 0.4634    | 0.4417    |
404     | 0.4634    | 0.4418    |
405     | 0.4634    | 0.4416    |
406     | 0.4635    | 0.4417    |
407     | 0.4635    | 0.4417    |
408     | 0.4636    | 0.4417    |
409     | 0.4638    | 0.4419    |
410     | 0.4638    | 0.4421    |
411     | 0.464     | 0.4422    |
412     | 0.464     | 0.4422    |
413     | 0.4641    | 0.4424    |
414     | 0.4641    | 0.4422    |
415     | 0.4642    | 0.4421    |
416     | 0.4642    | 0.4421    |
417     | 0.4642    | 0.4421    |
418     | 0.4642    | 0.4421    |
419     | 0.4642    | 0.4421    |
420     | 0.4642    | 0.4422    |
421     | 0.4643    | 0.4423    |
422     | 0.4643    | 0.4422    |
423     | 0.4643    | 0.4421    |
424     | 0.4643    | 0.4421    |
425     | 0.4643    | 0.4421    |
426     | 0.4643    | 0.4421    |
427     | 0.4643    | 0.4421    |
428     | 0.4643    | 0.4421    |
429     | 0.4644    | 0.442     |
430     | 0.4644    | 0.4419    |
431     | 0.4645    | 0.442     |
432     | 0.4644    | 0.4423    |
433     | 0.4644    | 0.4423    |
434     | 0.4644    | 0.4423    |
435     | 0.4647    | 0.4425    |
436     | 0.4648    | 0.4425    |
437     | 0.4647    | 0.4425    |
438     | 0.4647    | 0.4426    |
439     | 0.4648    | 0.4428    |
440     | 0.4648    | 0.4427    |
441     | 0.4649    | 0.4427    |
442     | 0.4649    | 0.4429    |
443     | 0.4649    | 0.4429    |
444     | 0.465     | 0.4429    |
445     | 0.4651    | 0.4427    |
446     | 0.4651    | 0.4427    |
447     | 0.4652    | 0.4427    |
448     | 0.4653    | 0.4426    |
449     | 0.4652    | 0.4425    |
450     | 0.4652    | 0.4426    |
451     | 0.4652    | 0.4427    |
452     | 0.4652    | 0.4427    |
453     | 0.4652    | 0.4427    |
454     | 0.4654    | 0.4427    |
455     | 0.4654    | 0.4427    |
456     | 0.4655    | 0.4426    |
457     | 0.4656    | 0.4426    |
458     | 0.4656    | 0.4425    |
459     | 0.4657    | 0.4426    |
460     | 0.4658    | 0.4424    |
461     | 0.4658    | 0.4423    |
462     | 0.4658    | 0.4422    |
463     | 0.4659    | 0.4424    |
464     | 0.4659    | 0.4424    |
465     | 0.4659    | 0.4424    |
466     | 0.466     | 0.4424    |
467     | 0.466     | 0.4423    |
468     | 0.4661    | 0.4426    |
469     | 0.4661    | 0.4426    |
470     | 0.4661    | 0.4426    |
471     | 0.466     | 0.4428    |
472     | 0.466     | 0.4428    |
473     | 0.4661    | 0.4427    |
474     | 0.4661    | 0.4426    |
475     | 0.4661    | 0.4428    |
476     | 0.4661    | 0.4428    |
477     | 0.4661    | 0.4429    |
478     | 0.4661    | 0.4428    |
479     | 0.466     | 0.4427    |
480     | 0.4663    | 0.4427    |
481     | 0.4664    | 0.4428    |
482     | 0.4663    | 0.4428    |
483     | 0.4664    | 0.4428    |
484     | 0.4664    | 0.4427    |
485     | 0.4664    | 0.4429    |
486     | 0.4664    | 0.4428    |
487     | 0.4665    | 0.4428    |
488     | 0.4664    | 0.4426    |
489     | 0.4667    | 0.4425    |
490     | 0.4666    | 0.4426    |
491     | 0.4666    | 0.4426    |
492     | 0.4666    | 0.4427    |
493     | 0.4666    | 0.4429    |
494     | 0.4666    | 0.4427    |
495     | 0.4666    | 0.4429    |
496     | 0.4666    | 0.443     |
497     | 0.4666    | 0.443     |
498     | 0.467     | 0.4433    |
499     | 0.4672    | 0.4434    |
500     | 0.4672    | 0.4433    |
501     | 0.4673    | 0.4435    |
502     | 0.4675    | 0.4436    |
503     | 0.4675    | 0.4438    |
504     | 0.4675    | 0.4439    |
505     | 0.4674    | 0.444     |
506     | 0.4674    | 0.4439    |
507     | 0.4674    | 0.4438    |
508     | 0.4675    | 0.4439    |
509     | 0.4675    | 0.4439    |
510     | 0.4674    | 0.4438    |
511     | 0.4675    | 0.4439    |
512     | 0.4677    | 0.4438    |
513     | 0.4677    | 0.4439    |
514     | 0.4677    | 0.4439    |
515     | 0.4676    | 0.4437    |
516     | 0.4677    | 0.4438    |
517     | 0.4677    | 0.4437    |
518     | 0.4677    | 0.4437    |
519     | 0.4679    | 0.4437    |
520     | 0.4678    | 0.4437    |
521     | 0.468     | 0.4437    |
522     | 0.468     | 0.4436    |
523     | 0.468     | 0.4437    |
524     | 0.468     | 0.4437    |
525     | 0.4681    | 0.444     |
526     | 0.4681    | 0.4439    |
527     | 0.4681    | 0.444     |
528     | 0.4684    | 0.444     |
529     | 0.4684    | 0.4438    |
530     | 0.4684    | 0.4437    |
531     | 0.4686    | 0.4437    |
532     | 0.4687    | 0.4439    |
533     | 0.4686    | 0.4439    |
534     | 0.4685    | 0.4439    |
535     | 0.4686    | 0.4441    |
536     | 0.4688    | 0.4442    |
537     | 0.4689    | 0.4442    |
538     | 0.4689    | 0.4442    |
539     | 0.4689    | 0.4442    |
540     | 0.4688    | 0.4441    |
541     | 0.4689    | 0.4443    |
542     | 0.4688    | 0.4444    |
543     | 0.4689    | 0.4444    |
544     | 0.4688    | 0.4444    |
545     | 0.4688    | 0.4444    |
546     | 0.4688    | 0.4445    |
547     | 0.4688    | 0.4444    |
548     | 0.4688    | 0.4444    |
549     | 0.4688    | 0.4443    |
550     | 0.4689    | 0.4444    |
551     | 0.4689    | 0.4445    |
552     | 0.4689    | 0.4444    |
553     | 0.4691    | 0.4445    |
554     | 0.4691    | 0.444     |
555     | 0.469     | 0.4443    |
556     | 0.4691    | 0.4443    |
557     | 0.4692    | 0.4443    |
558     | 0.4692    | 0.4442    |
559     | 0.4692    | 0.4444    |
560     | 0.4693    | 0.4445    |
561     | 0.4693    | 0.4443    |
562     | 0.4694    | 0.4442    |
563     | 0.4694    | 0.4443    |
564     | 0.4693    | 0.4442    |
565     | 0.4694    | 0.4441    |
566     | 0.4694    | 0.4441    |
567     | 0.4694    | 0.4441    |
568     | 0.4695    | 0.444     |
569     | 0.4696    | 0.444     |
570     | 0.4697    | 0.444     |
571     | 0.4696    | 0.444     |
572     | 0.4696    | 0.444     |
573     | 0.4696    | 0.444     |
574     | 0.4696    | 0.444     |
575     | 0.4696    | 0.4439    |
576     | 0.4696    | 0.444     |
577     | 0.4698    | 0.4439    |
578     | 0.4698    | 0.4439    |
579     | 0.4696    | 0.444     |
580     | 0.4698    | 0.444     |
581     | 0.4697    | 0.444     |
582     | 0.4698    | 0.444     |
583     | 0.4698    | 0.4442    |
584     | 0.4699    | 0.4441    |
585     | 0.4699    | 0.4441    |
586     | 0.47      | 0.4444    |
587     | 0.4698    | 0.4442    |
588     | 0.4699    | 0.4444    |
589     | 0.4699    | 0.4445    |
590     | 0.4699    | 0.4445    |
591     | 0.4699    | 0.4445    |
592     | 0.47      | 0.4444    |
593     | 0.4701    | 0.4445    |
594     | 0.4701    | 0.4445    |
595     | 0.47      | 0.4445    |
596     | 0.4701    | 0.4445    |
597     | 0.4701    | 0.4445    |
598     | 0.4702    | 0.4445    |
599     | 0.4703    | 0.4446    |
600     | 0.4702    | 0.4447    |
601     | 0.4702    | 0.4446    |
602     | 0.4702    | 0.4446    |
603     | 0.4702    | 0.4445    |
604     | 0.4703    | 0.4446    |
605     | 0.4703    | 0.4446    |
606     | 0.4703    | 0.4446    |
607     | 0.4703    | 0.4446    |
608     | 0.4703    | 0.4445    |
609     | 0.4703    | 0.4445    |
610     | 0.4703    | 0.4445    |
611     | 0.4704    | 0.4445    |
612     | 0.4704    | 0.4446    |
613     | 0.4705    | 0.4447    |
614     | 0.4705    | 0.4447    |
615     | 0.4706    | 0.4447    |
616     | 0.4706    | 0.4447    |
617     | 0.4705    | 0.4447    |
618     | 0.4707    | 0.4445    |
619     | 0.4707    | 0.4445    |
620     | 0.4707    | 0.4447    |
621     | 0.4707    | 0.4446    |
622     | 0.4707    | 0.4446    |
623     | 0.4707    | 0.4446    |
624     | 0.4708    | 0.4445    |
625     | 0.4707    | 0.4444    |
626     | 0.4706    | 0.4443    |
627     | 0.4707    | 0.4444    |
628     | 0.4707    | 0.4443    |
629     | 0.4707    | 0.4444    |
630     | 0.4708    | 0.4445    |
631     | 0.4709    | 0.4446    |
632     | 0.4708    | 0.4443    |
633     | 0.4707    | 0.4443    |
634     | 0.4708    | 0.4445    |
635     | 0.471     | 0.4445    |
636     | 0.4711    | 0.4446    |
637     | 0.4711    | 0.4449    |
638     | 0.4712    | 0.4447    |
639     | 0.4713    | 0.4446    |
640     | 0.4713    | 0.4447    |
641     | 0.4713    | 0.4445    |
642     | 0.4713    | 0.4444    |
643     | 0.4715    | 0.4446    |
644     | 0.4713    | 0.4447    |
645     | 0.4713    | 0.4447    |
646     | 0.4712    | 0.4447    |
647     | 0.4712    | 0.4447    |
648     | 0.4712    | 0.4447    |
649     | 0.4713    | 0.4444    |
650     | 0.4713    | 0.4445    |
651     | 0.4713    | 0.4445    |
652     | 0.4714    | 0.4448    |
653     | 0.4714    | 0.4449    |
654     | 0.4714    | 0.445     |
655     | 0.4714    | 0.4448    |
656     | 0.4714    | 0.4449    |
657     | 0.4714    | 0.445     |
658     | 0.4716    | 0.4449    |
659     | 0.4717    | 0.4449    |
660     | 0.4718    | 0.4448    |
661     | 0.4718    | 0.4447    |
662     | 0.4718    | 0.4447    |
663     | 0.4718    | 0.445     |
664     | 0.4717    | 0.4451    |
665     | 0.4718    | 0.4449    |
666     | 0.4718    | 0.4451    |
667     | 0.4719    | 0.4451    |
668     | 0.4719    | 0.4451    |
669     | 0.4719    | 0.445     |
670     | 0.4721    | 0.4451    |
671     | 0.472     | 0.4451    |
672     | 0.4719    | 0.4451    |
673     | 0.4719    | 0.4452    |
674     | 0.4719    | 0.445     |
675     | 0.472     | 0.4451    |
676     | 0.472     | 0.4449    |
677     | 0.472     | 0.4454    |
678     | 0.472     | 0.4452    |
679     | 0.4722    | 0.4453    |
680     | 0.4722    | 0.4455    |
681     | 0.4722    | 0.4456    |
682     | 0.4722    | 0.4456    |
683     | 0.4723    | 0.4456    |
684     | 0.4723    | 0.4455    |
685     | 0.4723    | 0.4454    |
686     | 0.4723    | 0.4454    |
687     | 0.4725    | 0.4455    |
688     | 0.4725    | 0.4455    |
689     | 0.4725    | 0.4455    |
690     | 0.4725    | 0.4455    |
691     | 0.4727    | 0.4455    |
692     | 0.4727    | 0.4457    |
693     | 0.4727    | 0.4457    |
694     | 0.4727    | 0.4457    |
695     | 0.4727    | 0.4456    |
696     | 0.4727    | 0.4456    |
697     | 0.4728    | 0.4457    |
698     | 0.4728    | 0.4457    |
699     | 0.4728    | 0.4456    |
700     | 0.4728    | 0.4456    |
701     | 0.4728    | 0.4454    |
702     | 0.4729    | 0.4455    |
703     | 0.4729    | 0.4454    |
704     | 0.4729    | 0.4455    |
705     | 0.473     | 0.4455    |
706     | 0.473     | 0.4454    |
707     | 0.473     | 0.4455    |
708     | 0.4731    | 0.4455    |
709     | 0.473     | 0.4454    |
710     | 0.473     | 0.4454    |
711     | 0.473     | 0.4456    |
712     | 0.473     | 0.4457    |
713     | 0.4732    | 0.4453    |
714     | 0.4731    | 0.4454    |
715     | 0.4733    | 0.4456    |
716     | 0.4733    | 0.4458    |
717     | 0.4734    | 0.4461    |
718     | 0.4734    | 0.4462    |
719     | 0.4736    | 0.4459    |
720     | 0.4736    | 0.4459    |
721     | 0.4735    | 0.446     |
722     | 0.4736    | 0.446     |
723     | 0.4736    | 0.4459    |
724     | 0.4735    | 0.4459    |
725     | 0.4735    | 0.4458    |
726     | 0.4737    | 0.4458    |
727     | 0.4737    | 0.4458    |
728     | 0.4737    | 0.4458    |
729     | 0.4737    | 0.4458    |
730     | 0.4737    | 0.4458    |
731     | 0.4737    | 0.4456    |
732     | 0.4736    | 0.4456    |
733     | 0.4736    | 0.4457    |
734     | 0.4737    | 0.4457    |
735     | 0.4737    | 0.4457    |
736     | 0.4737    | 0.4457    |
737     | 0.4738    | 0.4456    |
738     | 0.4738    | 0.4455    |
739     | 0.4738    | 0.4456    |
740     | 0.4737    | 0.4455    |
741     | 0.4737    | 0.4456    |
742     | 0.4738    | 0.4456    |
743     | 0.4737    | 0.4458    |
744     | 0.4738    | 0.4456    |
745     | 0.4738    | 0.4457    |
746     | 0.474     | 0.4457    |
747     | 0.474     | 0.4457    |
748     | 0.474     | 0.4459    |
749     | 0.4742    | 0.4457    |
750     | 0.4741    | 0.4458    |
751     | 0.4742    | 0.4459    |
752     | 0.4742    | 0.4461    |
753     | 0.4742    | 0.4461    |
754     | 0.4742    | 0.446     |
755     | 0.4742    | 0.446     |
756     | 0.4743    | 0.4459    |
757     | 0.4742    | 0.4459    |
758     | 0.4742    | 0.4459    |
759     | 0.4743    | 0.4459    |
760     | 0.4743    | 0.4459    |
761     | 0.4744    | 0.4459    |
762     | 0.4743    | 0.4459    |
763     | 0.4743    | 0.446     |
764     | 0.4742    | 0.4458    |
765     | 0.4743    | 0.4459    |
766     | 0.4743    | 0.4459    |
767     | 0.4744    | 0.446     |
768     | 0.4745    | 0.446     |
769     | 0.4746    | 0.4462    |
770     | 0.4745    | 0.4462    |
771     | 0.4745    | 0.4463    |
772     | 0.4746    | 0.4462    |
773     | 0.4746    | 0.4461    |
774     | 0.4745    | 0.4461    |
775     | 0.4747    | 0.4463    |
776     | 0.4747    | 0.4463    |
777     | 0.4747    | 0.4464    |
778     | 0.4748    | 0.4462    |
779     | 0.4747    | 0.4461    |
780     | 0.4747    | 0.4461    |
781     | 0.4748    | 0.4458    |
782     | 0.4748    | 0.4458    |
783     | 0.4748    | 0.4457    |
784     | 0.4748    | 0.4457    |
785     | 0.4748    | 0.4457    |
786     | 0.4748    | 0.4457    |
787     | 0.4748    | 0.4457    |
788     | 0.4748    | 0.4454    |
789     | 0.4748    | 0.4453    |
790     | 0.4749    | 0.4455    |
791     | 0.4748    | 0.4456    |
792     | 0.4748    | 0.4456    |
793     | 0.4748    | 0.4456    |
794     | 0.4748    | 0.4456    |
795     | 0.4749    | 0.4456    |
796     | 0.4749    | 0.4455    |
797     | 0.4749    | 0.4455    |
798     | 0.4749    | 0.4455    |
799     | 0.475     | 0.4455    |
800     | 0.475     | 0.4456    |
801     | 0.4751    | 0.4459    |
802     | 0.4751    | 0.4458    |
803     | 0.4751    | 0.4458    |
804     | 0.4751    | 0.4458    |
805     | 0.4751    | 0.4457    |
806     | 0.4751    | 0.4457    |
807     | 0.4751    | 0.4458    |
808     | 0.4751    | 0.4459    |
809     | 0.4751    | 0.4458    |
810     | 0.4752    | 0.4458    |
811     | 0.4753    | 0.4458    |
812     | 0.4753    | 0.4458    |
813     | 0.4753    | 0.4459    |
814     | 0.4754    | 0.4457    |
815     | 0.4755    | 0.4457    |
816     | 0.4755    | 0.4457    |
817     | 0.4755    | 0.4456    |
818     | 0.4756    | 0.4456    |
819     | 0.4756    | 0.4456    |
820     | 0.4756    | 0.4455    |
821     | 0.4758    | 0.4454    |
822     | 0.4758    | 0.4454    |
823     | 0.4758    | 0.4456    |
824     | 0.4758    | 0.4455    |
825     | 0.4759    | 0.4456    |
826     | 0.4758    | 0.4456    |
827     | 0.4759    | 0.4455    |
828     | 0.4758    | 0.4455    |
829     | 0.4759    | 0.4455    |
830     | 0.4759    | 0.4455    |
831     | 0.4759    | 0.4455    |
832     | 0.4759    | 0.4455    |
833     | 0.4759    | 0.4455    |
834     | 0.4759    | 0.4457    |
835     | 0.4759    | 0.4459    |
836     | 0.4759    | 0.4458    |
837     | 0.4761    | 0.4458    |
838     | 0.4761    | 0.4458    |
839     | 0.4761    | 0.4459    |
840     | 0.4761    | 0.4459    |
841     | 0.4762    | 0.4459    |
842     | 0.4762    | 0.4458    |
843     | 0.4763    | 0.4457    |
844     | 0.4763    | 0.4457    |
845     | 0.4763    | 0.4457    |
846     | 0.4763    | 0.4457    |
847     | 0.4762    | 0.4459    |
848     | 0.4762    | 0.4459    |
849     | 0.4762    | 0.4459    |
850     | 0.4762    | 0.4458    |
851     | 0.4762    | 0.4458    |
852     | 0.4762    | 0.4457    |
853     | 0.4762    | 0.4457    |
854     | 0.4762    | 0.4458    |
855     | 0.4762    | 0.4458    |
856     | 0.4761    | 0.4462    |
857     | 0.4762    | 0.4465    |
858     | 0.4763    | 0.4464    |
859     | 0.4762    | 0.4466    |
860     | 0.4762    | 0.4465    |
861     | 0.4761    | 0.4464    |
862     | 0.4762    | 0.4464    |
863     | 0.4762    | 0.4464    |
864     | 0.4762    | 0.4464    |
865     | 0.4764    | 0.4463    |
866     | 0.4764    | 0.4462    |
867     | 0.4765    | 0.4463    |
868     | 0.4765    | 0.4463    |
869     | 0.4765    | 0.4462    |
870     | 0.4766    | 0.4461    |
871     | 0.4765    | 0.4461    |
872     | 0.4766    | 0.4459    |
873     | 0.4766    | 0.4459    |
874     | 0.4766    | 0.4459    |
875     | 0.4765    | 0.4461    |
876     | 0.4765    | 0.4461    |
877     | 0.4767    | 0.446     |
878     | 0.4768    | 0.4461    |
879     | 0.4767    | 0.4461    |
880     | 0.4768    | 0.4463    |
881     | 0.4769    | 0.4464    |
882     | 0.4769    | 0.4463    |
883     | 0.4773    | 0.4462    |
884     | 0.4774    | 0.4463    |
885     | 0.4773    | 0.4463    |
886     | 0.4773    | 0.4463    |
887     | 0.4774    | 0.4464    |
888     | 0.4775    | 0.4464    |
889     | 0.4775    | 0.4461    |
890     | 0.4774    | 0.4464    |
891     | 0.4774    | 0.4462    |
892     | 0.4773    | 0.4463    |
893     | 0.4774    | 0.4463    |
894     | 0.4774    | 0.4461    |
895     | 0.4774    | 0.4459    |
896     | 0.4774    | 0.4459    |
897     | 0.4774    | 0.4459    |
898     | 0.4775    | 0.4458    |
899     | 0.4774    | 0.4459    |
900     | 0.4774    | 0.4459    |
901     | 0.4774    | 0.4458    |
902     | 0.4774    | 0.4457    |
903     | 0.4774    | 0.4459    |
904     | 0.4774    | 0.4459    |
905     | 0.4775    | 0.446     |
906     | 0.4775    | 0.446     |
907     | 0.4776    | 0.4461    |
908     | 0.4777    | 0.4461    |
909     | 0.4777    | 0.4461    |
910     | 0.4776    | 0.446     |
911     | 0.4776    | 0.4459    |
912     | 0.4776    | 0.4461    |
913     | 0.4775    | 0.4461    |
914     | 0.4775    | 0.4461    |
915     | 0.4775    | 0.4462    |
916     | 0.4775    | 0.4462    |
917     | 0.4775    | 0.4461    |
918     | 0.4774    | 0.4462    |
919     | 0.4774    | 0.4462    |
920     | 0.4774    | 0.4462    |
921     | 0.4774    | 0.4462    |
922     | 0.4774    | 0.4462    |
923     | 0.4774    | 0.4461    |
924     | 0.4774    | 0.4463    |
925     | 0.4775    | 0.4463    |
926     | 0.4775    | 0.4462    |
927     | 0.4776    | 0.4463    |
928     | 0.4776    | 0.4464    |
929     | 0.4775    | 0.4462    |
930     | 0.4775    | 0.4461    |
931     | 0.4776    | 0.4458    |
932     | 0.4776    | 0.446     |
933     | 0.4776    | 0.4459    |
934     | 0.4776    | 0.446     |
935     | 0.4777    | 0.4459    |
936     | 0.4777    | 0.4459    |
937     | 0.4777    | 0.4458    |
938     | 0.4778    | 0.4458    |
939     | 0.4777    | 0.4458    |
940     | 0.4778    | 0.4459    |
941     | 0.4778    | 0.4459    |
942     | 0.4779    | 0.4457    |
943     | 0.4779    | 0.4456    |
944     | 0.4779    | 0.4459    |
945     | 0.478     | 0.4458    |
946     | 0.478     | 0.446     |
947     | 0.4782    | 0.4461    |
948     | 0.4781    | 0.4461    |
949     | 0.4781    | 0.4462    |
950     | 0.4782    | 0.4463    |
951     | 0.4782    | 0.4464    |
952     | 0.4782    | 0.4461    |
953     | 0.4781    | 0.4461    |
954     | 0.4782    | 0.4461    |
955     | 0.4781    | 0.4461    |
956     | 0.4781    | 0.4461    |
957     | 0.478     | 0.4461    |
958     | 0.478     | 0.446     |
959     | 0.4781    | 0.4458    |
960     | 0.478     | 0.446     |
---------------------------------
Finished sucessfully.
NDCG@10 on training data: 0.4762
NDCG@10 on validation data: 0.4466
---------------------------------
NDCG@10 on test data: 0.4461

Model saved to: mymodel-lm2.txt
