[harshitha@csil RankLib]$ java -jar RankLib-2.1-patched.jar -train Fold1/train.txt -test Fold1/test.txt -validate Fold1/vali.txt -ranker 2 -metric2t NDCG@10 -metric2T NDCG@10 -save mymodel-rankboost.txt

[+] General Parameters:
Training data:  Fold1/train.txt
Test data:      Fold1/test.txt
Validation data:        Fold1/vali.txt
Feature vector representation: Dense.
Ranking method: RankBoost
Feature description file:       Unspecified. All features will be used.
Train metric:   NDCG@10
Test metric:    NDCG@10
Feature normalization: No
Model file: mymodel-rankboost.txt

[+] RankBoost's Parameters:
No. of rounds: 300
No. of threshold candidates: 10

Reading feature file [Fold1/train.txt]... [Done.]
(6000 ranked lists, 723412 entries read)
Reading feature file [Fold1/vali.txt]... [Done.]
(2000 ranked lists, 235259 entries read)
Reading feature file [Fold1/test.txt]... [Done.]
(2000 ranked lists, 241521 entries read)
Initializing... [Done]
------------------------------------------
Training starts...
--------------------------------------------------------------------
#iter   | Sel. F.  | Threshold | Error     | NDCG@10-T | NDCG@10-V |
--------------------------------------------------------------------
1       | 8        | 0.5       | 0.0999    | 0.806     | 0.2259    |
2       | 108      | 8.4586    | 0.0674    | 0.7561    | 0.2359    |
3       | 104      | 0.2       | 0.0525    | 0.5926    | 0.2499    |
4       | 8        | 0.7       | 0.0485    | 0.5733    | 0.2594    |
5       | 108      | 16.9171   | 0.0376    | 0.5003    | 0.2695    |
6       | 110      | 15.5785   | 0.0315    | 0.4899    | 0.2717    |
7       | 130      | 26273.6   | 0.0298    | 0.4338    | 0.2936    |
8       | 49       | 0.1636    | 0.0297    | 0.4057    | 0.3023    |
9       | 3        | 1.5       | 0.0276    | 0.4053    | 0.3021    |
10      | 7        | 0.2       | 0.0269    | 0.3756    | 0.3092    |
11      | 131      | 45874.8   | 0.024     | 0.3577    | 0.3147    |
12      | 108      | 16.9171   | 0.0244    | 0.3551    | 0.3119    |
13      | 105      | 0.9       | 0.0227    | 0.3516    | 0.313     |
14      | 130      | 45903.8   | 0.0216    | 0.351     | 0.3171    |
15      | 110      | 15.5785   | 0.0209    | 0.3512    | 0.3172    |
16      | 7        | 0.4       | 0.0186    | 0.3507    | 0.3178    |
17      | 106      | 16.3501   | 0.0175    | 0.3498    | 0.3183    |
18      | 130      | 13186.8   | 0.0173    | 0.3496    | 0.323     |
19      | 109      | 7.2198    | 0.0166    | 0.3474    | 0.322     |
20      | 129      | 17.8      | 0.016     | 0.3457    | 0.3241    |
21      | 108      | 16.9171   | 0.0159    | 0.3438    | 0.3217    |
22      | 113      | -14.6692  | 0.0145    | 0.3437    | 0.3225    |
23      | 131      | 39321.4   | 0.0144    | 0.3428    | 0.3242    |
24      | 115      | -16.0345  | 0.014     | 0.3426    | 0.3244    |
25      | 130      | 58990.6   | 0.0132    | 0.3432    | 0.3259    |
26      | 129      | 17.8      | 0.0132    | 0.3441    | 0.3278    |
27      | 115      | -16.0345  | 0.0127    | 0.3447    | 0.3282    |
28      | 107      | 13.0152   | 0.0124    | 0.3439    | 0.3296    |
29      | 123      | -16.8443  | 0.012     | 0.3439    | 0.3297    |
30      | 109      | 14.4397   | 0.0113    | 0.3431    | 0.3301    |
31      | 129      | 17.8      | 0.0112    | 0.3439    | 0.3304    |
32      | 110      | 15.5785   | 0.0108    | 0.3438    | 0.3305    |
33      | 130      | 6643.4    | 0.0108    | 0.3436    | 0.3319    |
34      | 132      | 26.3      | 0.0106    | 0.3395    | 0.3314    |
35      | 113      | -14.6692  | 0.0107    | 0.3398    | 0.3319    |
36      | 107      | 13.0152   | 0.0104    | 0.3395    | 0.332     |
37      | 130      | 58990.6   | 0.0101    | 0.3408    | 0.333     |
38      | 115      | -16.0345  | 0.01      | 0.3409    | 0.3332    |
39      | 129      | 17.8      | 0.0095    | 0.3415    | 0.3336    |
40      | 123      | -16.8443  | 0.0095    | 0.3416    | 0.3339    |
41      | 107      | 13.0152   | 0.009     | 0.3407    | 0.3333    |
42      | 105      | 0.9       | 0.0088    | 0.341     | 0.333     |
43      | 132      | 26.3      | 0.0083    | 0.3401    | 0.3312    |
44      | 130      | 45903.8   | 0.0084    | 0.3411    | 0.3327    |
45      | 115      | -16.0345  | 0.0083    | 0.3412    | 0.3327    |
46      | 129      | 17.8      | 0.0082    | 0.3413    | 0.3326    |
47      | 109      | 14.4397   | 0.0081    | 0.341     | 0.3323    |
48      | 123      | -16.8443  | 0.0079    | 0.3411    | 0.3325    |
49      | 107      | 13.0152   | 0.0076    | 0.3408    | 0.3316    |
50      | 131      | 45874.8   | 0.0075    | 0.3408    | 0.3321    |
51      | 48       | 0.3       | 0.0073    | 0.3394    | 0.3322    |
52      | 130      | 58990.6   | 0.007     | 0.3402    | 0.3323    |
53      | 106      | 16.3501   | 0.0069    | 0.3402    | 0.3323    |
54      | 132      | 26.3      | 0.0069    | 0.3394    | 0.3317    |
55      | 108      | 25.3757   | 0.0068    | 0.339     | 0.3321    |
56      | 129      | 17.8      | 0.0067    | 0.3391    | 0.3325    |
57      | 60       | 0.0801    | 0.0065    | 0.3379    | 0.3327    |
58      | 107      | 13.0152   | 0.0064    | 0.3376    | 0.3322    |
59      | 115      | -16.0345  | 0.0063    | 0.3377    | 0.3322    |
60      | 108      | 25.3757   | 0.0063    | 0.338     | 0.3323    |
61      | 130      | 19730.2   | 0.0061    | 0.3387    | 0.3329    |
62      | 123      | -16.8443  | 0.0061    | 0.3388    | 0.333     |
63      | 64       | 0.12      | 0.0059    | 0.3385    | 0.3336    |
64      | 108      | 25.3757   | 0.0058    | 0.3387    | 0.3334    |
65      | 129      | 17.8      | 0.0057    | 0.3389    | 0.3338    |
66      | 115      | -16.0345  | 0.0054    | 0.3389    | 0.334     |
67      | 107      | 13.0152   | 0.0054    | 0.3386    | 0.3335    |
68      | 108      | 25.3757   | 0.0053    | 0.3387    | 0.3338    |
69      | 130      | 58990.6   | 0.0052    | 0.3393    | 0.3343    |
70      | 109      | 14.4397   | 0.0051    | 0.3389    | 0.3339    |
71      | 132      | 26.3      | 0.0051    | 0.338     | 0.3335    |
72      | 123      | -16.8443  | 0.005     | 0.338     | 0.3338    |
73      | 131      | 32768.0   | 0.005     | 0.338     | 0.3332    |
74      | 108      | 25.3757   | 0.0049    | 0.3381    | 0.3335    |
75      | 2        | 1.4       | 0.0048    | 0.3381    | 0.3333    |
76      | 129      | 17.8      | 0.0047    | 0.3382    | 0.3331    |
77      | 60       | 0.0801    | 0.0046    | 0.3379    | 0.3333    |
78      | 105      | 0.8       | 0.0046    | 0.3376    | 0.3334    |
79      | 130      | 6643.4    | 0.0046    | 0.3382    | 0.3342    |
80      | 108      | 25.3757   | 0.0045    | 0.3382    | 0.3341    |
81      | 115      | -32.0689  | 0.0044    | 0.3383    | 0.3343    |
82      | 115      | -32.0689  | 0.0044    | 0.3384    | 0.3342    |
83      | 115      | -32.0689  | 0.0043    | 0.3384    | 0.3343    |
84      | 48       | 0.6       | 0.0043    | 0.3381    | 0.3348    |
85      | 115      | -32.0689  | 0.0043    | 0.3382    | 0.3349    |
86      | 115      | -32.0689  | 0.0042    | 0.3383    | 0.335     |
87      | 115      | -16.0345  | 0.0042    | 0.3383    | 0.3348    |
88      | 115      | -32.0689  | 0.0042    | 0.3384    | 0.3349    |
89      | 115      | -32.0689  | 0.0041    | 0.3385    | 0.335     |
90      | 129      | 17.8      | 0.0041    | 0.3386    | 0.3349    |
91      | 132      | 26.3      | 0.0041    | 0.3379    | 0.3348    |
92      | 115      | -32.0689  | 0.0041    | 0.3379    | 0.3348    |
93      | 2        | 1.4       | 0.004     | 0.3379    | 0.335     |
94      | 115      | -32.0689  | 0.004     | 0.338     | 0.335     |
95      | 115      | -32.0689  | 0.004     | 0.338     | 0.3351    |
96      | 108      | 25.3757   | 0.0039    | 0.3381    | 0.3351    |
97      | 115      | -32.0689  | 0.0039    | 0.3382    | 0.3352    |
98      | 115      | -32.0689  | 0.0039    | 0.3383    | 0.3351    |
99      | 130      | 58990.6   | 0.0039    | 0.3386    | 0.3355    |
100     | 115      | -32.0689  | 0.0038    | 0.3386    | 0.3355    |
101     | 125      | -32.6877  | 0.0038    | 0.3386    | 0.3355    |
102     | 123      | -16.8443  | 0.0038    | 0.3386    | 0.3355    |
103     | 115      | -32.0689  | 0.0037    | 0.3386    | 0.3357    |
104     | 115      | -32.0689  | 0.0037    | 0.3387    | 0.3357    |
105     | 115      | -32.0689  | 0.0036    | 0.3387    | 0.3357    |
106     | 107      | 13.0152   | 0.0036    | 0.3384    | 0.3356    |
107     | 125      | -32.6877  | 0.0036    | 0.3385    | 0.3356    |
108     | 115      | -32.0689  | 0.0036    | 0.3385    | 0.3356    |
109     | 108      | 25.3757   | 0.0035    | 0.3388    | 0.3353    |
110     | 129      | 35.6      | 0.0035    | 0.3386    | 0.3356    |
111     | 115      | -32.0689  | 0.0035    | 0.3386    | 0.3355    |
112     | 115      | -16.0345  | 0.0035    | 0.3386    | 0.3355    |
113     | 115      | -32.0689  | 0.0035    | 0.3386    | 0.3356    |
114     | 125      | -32.6877  | 0.0034    | 0.3386    | 0.3356    |
115     | 115      | -32.0689  | 0.0034    | 0.3386    | 0.3356    |
116     | 129      | 35.6      | 0.0034    | 0.3388    | 0.3356    |
117     | 115      | -32.0689  | 0.0034    | 0.3388    | 0.3356    |
118     | 60       | 0.0801    | 0.0033    | 0.3387    | 0.3355    |
119     | 125      | -32.6877  | 0.0033    | 0.3387    | 0.3355    |
120     | 129      | 17.8      | 0.0033    | 0.3387    | 0.3352    |
121     | 113      | -29.3383  | 0.0033    | 0.3387    | 0.3353    |
122     | 115      | -32.0689  | 0.0033    | 0.3388    | 0.3353    |
123     | 109      | 14.4397   | 0.0032    | 0.3386    | 0.3354    |
124     | 115      | -32.0689  | 0.0032    | 0.3386    | 0.3354    |
125     | 115      | -32.0689  | 0.0032    | 0.3387    | 0.3354    |
126     | 110      | 44.6966   | 0.0032    | 0.3386    | 0.3355    |
127     | 130      | 58990.6   | 0.0032    | 0.3389    | 0.336     |
128     | 108      | 25.3757   | 0.0032    | 0.339     | 0.336     |
129     | 125      | -32.6877  | 0.0031    | 0.339     | 0.3359    |
130     | 129      | 35.6      | 0.0031    | 0.3392    | 0.3359    |
131     | 113      | -29.3383  | 0.0031    | 0.3392    | 0.336     |
132     | 2        | 1.4       | 0.0031    | 0.3392    | 0.3359    |
133     | 110      | 44.6966   | 0.0031    | 0.3391    | 0.336     |
134     | 115      | -32.0689  | 0.0031    | 0.3391    | 0.336     |
135     | 115      | -32.0689  | 0.003     | 0.3391    | 0.336     |
136     | 110      | 44.6966   | 0.003     | 0.3391    | 0.3361    |
137     | 113      | -29.3383  | 0.003     | 0.3391    | 0.3362    |
138     | 131      | 52428.2   | 0.003     | 0.3385    | 0.3365    |
139     | 132      | 26.3      | 0.0031    | 0.338     | 0.3361    |
140     | 125      | -32.6877  | 0.003     | 0.338     | 0.3362    |
141     | 130      | 6643.4    | 0.003     | 0.3381    | 0.3362    |
142     | 113      | -14.6692  | 0.003     | 0.3382    | 0.3363    |
143     | 115      | -32.0689  | 0.003     | 0.3382    | 0.3363    |
144     | 110      | 44.6966   | 0.003     | 0.3382    | 0.3364    |
145     | 129      | 35.6      | 0.003     | 0.3383    | 0.3364    |
146     | 115      | -32.0689  | 0.0029    | 0.3384    | 0.3364    |
147     | 113      | -29.3383  | 0.0029    | 0.3383    | 0.3365    |
148     | 110      | 44.6966   | 0.0029    | 0.3383    | 0.3365    |
149     | 115      | -32.0689  | 0.0029    | 0.3383    | 0.3365    |
150     | 48       | 0.6       | 0.0029    | 0.3385    | 0.3361    |
151     | 125      | -32.6877  | 0.0028    | 0.3385    | 0.3361    |
152     | 129      | 35.6      | 0.0028    | 0.3384    | 0.3361    |
153     | 110      | 44.6966   | 0.0028    | 0.3384    | 0.3362    |
154     | 80       | 219.3287  | 0.0028    | 0.3384    | 0.3364    |
155     | 115      | -32.0689  | 0.0028    | 0.3383    | 0.3364    |
156     | 113      | -29.3383  | 0.0028    | 0.3383    | 0.3364    |
157     | 110      | 44.6966   | 0.0028    | 0.3383    | 0.3366    |
158     | 115      | -32.0689  | 0.0028    | 0.3383    | 0.3366    |
159     | 115      | -32.0689  | 0.0027    | 0.3384    | 0.3366    |
160     | 80       | 219.3287  | 0.0027    | 0.3385    | 0.3367    |
161     | 115      | -16.0345  | 0.0027    | 0.3384    | 0.3368    |
162     | 129      | 35.6      | 0.0027    | 0.3384    | 0.3368    |
163     | 110      | 44.6966   | 0.0027    | 0.3385    | 0.3368    |
164     | 65       | 0.0801    | 0.0027    | 0.3383    | 0.3368    |
165     | 115      | -32.0689  | 0.0027    | 0.3383    | 0.3368    |
166     | 113      | -29.3383  | 0.0027    | 0.3383    | 0.3368    |
167     | 125      | -32.6877  | 0.0027    | 0.3383    | 0.3368    |
168     | 110      | 44.6966   | 0.0026    | 0.3383    | 0.3368    |
169     | 107      | 19.5228   | 0.0026    | 0.3382    | 0.3369    |
170     | 115      | -32.0689  | 0.0026    | 0.3383    | 0.3369    |
171     | 129      | 35.6      | 0.0026    | 0.3383    | 0.3367    |
172     | 80       | 219.3287  | 0.0026    | 0.3383    | 0.3367    |
173     | 113      | -29.3383  | 0.0026    | 0.3383    | 0.3368    |
174     | 110      | 44.6966   | 0.0026    | 0.3382    | 0.3367    |
175     | 64       | 0.12      | 0.0026    | 0.3383    | 0.3368    |
176     | 115      | -32.0689  | 0.0026    | 0.3383    | 0.3368    |
177     | 125      | -32.6877  | 0.0025    | 0.3383    | 0.3368    |
178     | 110      | 44.6966   | 0.0025    | 0.3383    | 0.3368    |
179     | 115      | -32.0689  | 0.0025    | 0.3383    | 0.3368    |
180     | 107      | 19.5228   | 0.0025    | 0.3383    | 0.3368    |
181     | 80       | 219.3287  | 0.0025    | 0.3383    | 0.3368    |
182     | 129      | 35.6      | 0.0025    | 0.3383    | 0.3368    |
183     | 113      | -29.3383  | 0.0025    | 0.3383    | 0.3368    |
184     | 110      | 44.6966   | 0.0025    | 0.3384    | 0.3367    |
185     | 130      | 58990.6   | 0.0025    | 0.3385    | 0.3368    |
186     | 115      | -32.0689  | 0.0025    | 0.3385    | 0.3368    |
187     | 115      | -32.0689  | 0.0024    | 0.3385    | 0.3368    |
188     | 110      | 44.6966   | 0.0024    | 0.3385    | 0.3368    |
189     | 59       | 0.24      | 0.0024    | 0.3385    | 0.3369    |
190     | 80       | 219.3287  | 0.0024    | 0.3385    | 0.3369    |
191     | 125      | -32.6877  | 0.0024    | 0.3384    | 0.3369    |
192     | 107      | 19.5228   | 0.0024    | 0.3385    | 0.337     |
193     | 113      | -29.3383  | 0.0024    | 0.3385    | 0.337     |
194     | 129      | 35.6      | 0.0024    | 0.3386    | 0.3369    |
195     | 115      | -32.0689  | 0.0024    | 0.3386    | 0.3369    |
196     | 108      | 25.3757   | 0.0024    | 0.3388    | 0.3368    |
197     | 110      | 44.6966   | 0.0024    | 0.3388    | 0.3368    |
198     | 115      | -32.0689  | 0.0023    | 0.3388    | 0.3368    |
199     | 80       | 219.3287  | 0.0023    | 0.3388    | 0.3368    |
200     | 132      | 26.3      | 0.0023    | 0.3387    | 0.3364    |
201     | 115      | -32.0689  | 0.0023    | 0.3386    | 0.3364    |
202     | 110      | 44.6966   | 0.0023    | 0.3387    | 0.3365    |
203     | 129      | 35.6      | 0.0023    | 0.3386    | 0.3364    |
204     | 113      | -29.3383  | 0.0023    | 0.3386    | 0.3364    |
205     | 107      | 19.5228   | 0.0023    | 0.3386    | 0.3365    |
206     | 125      | -32.6877  | 0.0023    | 0.3386    | 0.3365    |
207     | 59       | 0.24      | 0.0023    | 0.3389    | 0.3365    |
208     | 110      | 44.6966   | 0.0023    | 0.3388    | 0.3365    |
209     | 115      | -32.0689  | 0.0022    | 0.3388    | 0.3365    |
210     | 80       | 219.3287  | 0.0022    | 0.3387    | 0.3365    |
211     | 115      | -32.0689  | 0.0022    | 0.3388    | 0.3365    |
212     | 113      | -29.3383  | 0.0022    | 0.3388    | 0.3365    |
213     | 110      | 44.6966   | 0.0022    | 0.3388    | 0.3366    |
214     | 129      | 35.6      | 0.0022    | 0.3388    | 0.3367    |
215     | 107      | 19.5228   | 0.0022    | 0.3388    | 0.3367    |
216     | 115      | -32.0689  | 0.0022    | 0.3389    | 0.3367    |
217     | 115      | -16.0345  | 0.0022    | 0.3388    | 0.3367    |
218     | 131      | 45874.8   | 0.0022    | 0.3388    | 0.3366    |
219     | 125      | -32.6877  | 0.0022    | 0.3389    | 0.3366    |
220     | 110      | 44.6966   | 0.0021    | 0.3388    | 0.3366    |
221     | 80       | 219.3287  | 0.0021    | 0.3388    | 0.3366    |
222     | 59       | 0.24      | 0.0021    | 0.339     | 0.3364    |
223     | 115      | -32.0689  | 0.0021    | 0.3389    | 0.3364    |
224     | 113      | -29.3383  | 0.0021    | 0.339     | 0.3364    |
225     | 110      | 44.6966   | 0.0021    | 0.339     | 0.3364    |
226     | 115      | -32.0689  | 0.0021    | 0.339     | 0.3364    |
227     | 130      | 6643.4    | 0.0021    | 0.3392    | 0.337     |
228     | 3        | 3.0       | 0.0021    | 0.3392    | 0.337     |
229     | 65       | 0.0801    | 0.0021    | 0.3392    | 0.3371    |
230     | 107      | 19.5228   | 0.0021    | 0.3391    | 0.3371    |
231     | 129      | 35.6      | 0.0021    | 0.3392    | 0.337     |
232     | 115      | -32.0689  | 0.0021    | 0.3392    | 0.337     |
233     | 48       | 0.6       | 0.0021    | 0.3393    | 0.337     |
234     | 80       | 219.3287  | 0.0021    | 0.3393    | 0.337     |
235     | 110      | 44.6966   | 0.0021    | 0.3393    | 0.337     |
236     | 3        | 3.0       | 0.002     | 0.3394    | 0.3371    |
237     | 125      | -32.6877  | 0.002     | 0.3394    | 0.3371    |
238     | 113      | -29.3383  | 0.002     | 0.3394    | 0.3372    |
239     | 110      | 44.6966   | 0.002     | 0.3394    | 0.3372    |
240     | 115      | -32.0689  | 0.002     | 0.3394    | 0.3372    |
241     | 117      | -13.8204  | 0.002     | 0.3395    | 0.3372    |
242     | 129      | 35.6      | 0.002     | 0.3395    | 0.3371    |
243     | 3        | 3.0       | 0.002     | 0.3396    | 0.3372    |
244     | 80       | 219.3287  | 0.002     | 0.3395    | 0.3371    |
245     | 59       | 0.24      | 0.002     | 0.3397    | 0.3371    |
246     | 115      | -32.0689  | 0.002     | 0.3397    | 0.3371    |
247     | 107      | 19.5228   | 0.002     | 0.3396    | 0.3373    |
248     | 110      | 44.6966   | 0.002     | 0.3396    | 0.3373    |
249     | 115      | -32.0689  | 0.0019    | 0.3396    | 0.3373    |
250     | 117      | -13.8204  | 0.0019    | 0.3396    | 0.3373    |
251     | 3        | 3.0       | 0.0019    | 0.3396    | 0.3374    |
252     | 125      | -32.6877  | 0.0019    | 0.3396    | 0.3374    |
253     | 110      | 44.6966   | 0.0019    | 0.3396    | 0.3374    |
254     | 80       | 219.3287  | 0.0019    | 0.3396    | 0.3374    |
255     | 113      | -29.3383  | 0.0019    | 0.3396    | 0.3374    |
256     | 117      | -13.8204  | 0.0019    | 0.3396    | 0.3374    |
257     | 129      | 35.6      | 0.0019    | 0.3398    | 0.3373    |
258     | 115      | -32.0689  | 0.0019    | 0.3398    | 0.3373    |
259     | 107      | 19.5228   | 0.0019    | 0.3398    | 0.3373    |
260     | 3        | 3.0       | 0.0019    | 0.3398    | 0.3373    |
261     | 110      | 44.6966   | 0.0019    | 0.3398    | 0.3373    |
262     | 115      | -32.0689  | 0.0019    | 0.3398    | 0.3373    |
263     | 59       | 0.24      | 0.0019    | 0.3398    | 0.3375    |
264     | 117      | -13.8204  | 0.0019    | 0.3398    | 0.3375    |
265     | 115      | -32.0689  | 0.0018    | 0.3398    | 0.3375    |
266     | 80       | 219.3287  | 0.0018    | 0.3398    | 0.3376    |
267     | 110      | 44.6966   | 0.0018    | 0.3398    | 0.3374    |
268     | 3        | 3.0       | 0.0018    | 0.3398    | 0.3375    |
269     | 130      | 58990.6   | 0.0018    | 0.3401    | 0.3377    |
270     | 125      | -32.6877  | 0.0018    | 0.3401    | 0.3377    |
271     | 129      | 35.6      | 0.0018    | 0.3401    | 0.3377    |
272     | 113      | -29.3383  | 0.0018    | 0.3401    | 0.3377    |
273     | 117      | -13.8204  | 0.0018    | 0.3401    | 0.3378    |
274     | 132      | 26.3      | 0.0018    | 0.3398    | 0.3377    |
275     | 115      | -32.0689  | 0.0018    | 0.3398    | 0.3377    |
276     | 107      | 19.5228   | 0.0018    | 0.3399    | 0.3376    |
277     | 110      | 44.6966   | 0.0018    | 0.3399    | 0.3376    |
278     | 3        | 3.0       | 0.0018    | 0.3399    | 0.3376    |
279     | 80       | 219.3287  | 0.0018    | 0.34      | 0.3376    |
280     | 2        | 2.8       | 0.0018    | 0.34      | 0.3376    |
281     | 115      | -32.0689  | 0.0018    | 0.34      | 0.3376    |
282     | 117      | -13.8204  | 0.0018    | 0.34      | 0.3376    |
283     | 109      | 21.6595   | 0.0018    | 0.3399    | 0.3377    |
284     | 125      | -32.6877  | 0.0017    | 0.3399    | 0.3377    |
285     | 110      | 44.6966   | 0.0017    | 0.3399    | 0.3376    |
286     | 129      | 35.6      | 0.0017    | 0.34      | 0.3376    |
287     | 3        | 3.0       | 0.0017    | 0.34      | 0.3377    |
288     | 2        | 2.8       | 0.0017    | 0.34      | 0.3377    |
289     | 59       | 0.24      | 0.0017    | 0.3401    | 0.3378    |
290     | 115      | -32.0689  | 0.0017    | 0.3401    | 0.3378    |
291     | 117      | -13.8204  | 0.0017    | 0.3402    | 0.3377    |
292     | 80       | 219.3287  | 0.0017    | 0.3401    | 0.3377    |
293     | 113      | -29.3383  | 0.0017    | 0.3402    | 0.3377    |
294     | 110      | 44.6966   | 0.0017    | 0.3401    | 0.3377    |
295     | 115      | -32.0689  | 0.0017    | 0.3401    | 0.3377    |
296     | 2        | 2.8       | 0.0017    | 0.3402    | 0.3376    |
297     | 117      | -13.8204  | 0.0017    | 0.3402    | 0.3376    |
298     | 3        | 3.0       | 0.0017    | 0.3402    | 0.3377    |
299     | 115      | -32.0689  | 0.0017    | 0.3402    | 0.3377    |
300     | 115      | -16.0345  | 0.0017    | 0.3403    | 0.3376    |
--------------------------------------------------------------------
Finished sucessfully.
NDCG@10 on training data: 0.3401
NDCG@10 on validation data: 0.3378
---------------------------------
NDCG@10 on test data: 0.3345

Model saved to: mymodel-rankboost.txt
