[harshitha@csil RankLib]$ java -Xmx5555m  -jar RankLib-2.1-patched.jar  -train Fold3/train.txt -test Fold3/test.txt -validate Fold3/vali.txt -ranker 2 -metric2t NDCG@10 -metric2T NDCG@10 -save mymodel-rankboost3.txt

[+] General Parameters:
Training data:  Fold3/train.txt
Test data:      Fold3/test.txt
Validation data:        Fold3/vali.txt
Feature vector representation: Dense.
Ranking method: RankBoost
Feature description file:       Unspecified. All features will be used.
Train metric:   NDCG@10
Test metric:    NDCG@10
Feature normalization: No
Model file: mymodel-rankboost3.txt

[+] RankBoost's Parameters:
No. of rounds: 300
No. of threshold candidates: 10

Reading feature file [Fold3/train.txt]... [Done.]
(6000 ranked lists, 719111 entries read)
Reading feature file [Fold3/vali.txt]... [Done.]
(2000 ranked lists, 241988 entries read)
Reading feature file [Fold3/test.txt]... [Done.]
(2000 ranked lists, 239093 entries read)
Initializing... [Done]
------------------------------------------
Training starts...
--------------------------------------------------------------------
#iter   | Sel. F.  | Threshold | Error     | NDCG@10-T | NDCG@10-V |
--------------------------------------------------------------------
1       | 8        | 0.5       | 0.1004    | 0.8053    | 0.2226    |
2       | 63       | 0.1       | 0.0693    | 0.7241    | 0.2396    |
3       | 104      | 0.2       | 0.054     | 0.5757    | 0.2524    |
4       | 8        | 0.7       | 0.049     | 0.5633    | 0.2595    |
5       | 105      | 0.9       | 0.0325    | 0.5369    | 0.2638    |
6       | 109      | 6.7632    | 0.031     | 0.5227    | 0.2632    |
7       | 7        | 0.2       | 0.0276    | 0.4292    | 0.2824    |
8       | 130      | 26274.0   | 0.0268    | 0.3921    | 0.2915    |
9       | 8        | 0.7       | 0.0272    | 0.3939    | 0.2921    |
10      | 131      | 45874.8   | 0.026     | 0.3686    | 0.2976    |
11      | 49       | 0.1636    | 0.0205    | 0.3599    | 0.3061    |
12      | 105      | 0.8       | 0.0198    | 0.3596    | 0.3068    |
13      | 130      | 39361.0   | 0.0191    | 0.3595    | 0.3118    |
14      | 129      | 16.6      | 0.0181    | 0.355     | 0.315     |
15      | 3        | 2.7       | 0.018     | 0.3555    | 0.315     |
16      | 7        | 0.4       | 0.0173    | 0.3537    | 0.3161    |
17      | 48       | 0.475     | 0.017     | 0.3475    | 0.3167    |
18      | 3        | 2.7       | 0.0159    | 0.3479    | 0.3168    |
19      | 130      | 13187.0   | 0.0152    | 0.3466    | 0.3183    |
20      | 129      | 16.6      | 0.015     | 0.3472    | 0.3182    |
21      | 115      | -19.225   | 0.0148    | 0.3471    | 0.3184    |
22      | 3        | 2.7       | 0.0145    | 0.3474    | 0.3182    |
23      | 131      | 45874.8   | 0.0141    | 0.3467    | 0.3191    |
24      | 58       | 0.1       | 0.014     | 0.3465    | 0.3189    |
25      | 115      | -19.225   | 0.0132    | 0.3471    | 0.319     |
26      | 109      | 14.0338   | 0.013     | 0.3464    | 0.3197    |
27      | 3        | 2.7       | 0.0125    | 0.3466    | 0.3196    |
28      | 130      | 58991.5   | 0.0125    | 0.3464    | 0.3222    |
29      | 115      | -19.225   | 0.012     | 0.3466    | 0.3222    |
30      | 129      | 16.6      | 0.0118    | 0.3471    | 0.3223    |
31      | 105      | 0.9       | 0.0116    | 0.3469    | 0.3225    |
32      | 3        | 2.7       | 0.0109    | 0.3469    | 0.3226    |
33      | 107      | 14.7495   | 0.0109    | 0.346     | 0.3225    |
34      | 115      | -19.225   | 0.0106    | 0.3462    | 0.3226    |
35      | 116      | -18.5667  | 0.0103    | 0.3456    | 0.3228    |
36      | 130      | 58991.5   | 0.0103    | 0.3469    | 0.3241    |
37      | 129      | 16.6      | 0.0099    | 0.3469    | 0.3244    |
38      | 109      | 14.0338   | 0.0098    | 0.347     | 0.3247    |
39      | 107      | 14.7495   | 0.0096    | 0.3469    | 0.3245    |
40      | 115      | -19.225   | 0.0095    | 0.3471    | 0.3246    |
41      | 132      | 26.3      | 0.0094    | 0.3429    | 0.323     |
42      | 130      | 6643.5    | 0.0095    | 0.3432    | 0.3246    |
43      | 3        | 2.7       | 0.0095    | 0.3432    | 0.3245    |
44      | 48       | 0.475     | 0.0092    | 0.3428    | 0.3243    |
45      | 116      | -18.5667  | 0.0088    | 0.3429    | 0.3244    |
46      | 107      | 14.7495   | 0.0085    | 0.3424    | 0.3245    |
47      | 115      | -19.225   | 0.0084    | 0.3425    | 0.3244    |
48      | 129      | 16.6      | 0.0084    | 0.3425    | 0.325     |
49      | 60       | 0.0801    | 0.0081    | 0.3414    | 0.3245    |
50      | 3        | 2.7       | 0.008     | 0.3414    | 0.3244    |
51      | 130      | 58991.5   | 0.0079    | 0.3425    | 0.3255    |
52      | 107      | 14.7495   | 0.0077    | 0.3423    | 0.3256    |
53      | 115      | -19.225   | 0.0076    | 0.3424    | 0.3253    |
54      | 131      | 45874.8   | 0.0075    | 0.342     | 0.3246    |
55      | 116      | -18.5667  | 0.0073    | 0.3419    | 0.3248    |
56      | 132      | 26.3      | 0.0073    | 0.3408    | 0.3245    |
57      | 3        | 2.7       | 0.0071    | 0.3409    | 0.3244    |
58      | 107      | 14.7495   | 0.0069    | 0.3407    | 0.3247    |
59      | 115      | -19.225   | 0.0068    | 0.3409    | 0.3244    |
60      | 130      | 45904.5   | 0.0068    | 0.3415    | 0.3251    |
61      | 64       | 0.1235    | 0.0068    | 0.3415    | 0.3258    |
62      | 129      | 16.6      | 0.0067    | 0.3415    | 0.3259    |
63      | 3        | 2.7       | 0.0064    | 0.3415    | 0.3258    |
64      | 115      | -19.225   | 0.0063    | 0.3415    | 0.3258    |
65      | 107      | 14.7495   | 0.0061    | 0.3412    | 0.3261    |
66      | 116      | -18.5667  | 0.006     | 0.3411    | 0.3258    |
67      | 60       | 0.0801    | 0.0059    | 0.3409    | 0.3258    |
68      | 129      | 16.6      | 0.0057    | 0.3409    | 0.3256    |
69      | 109      | 14.0338   | 0.0056    | 0.3409    | 0.3258    |
70      | 115      | -19.225   | 0.0055    | 0.3409    | 0.3259    |
71      | 130      | 6643.5    | 0.0056    | 0.3418    | 0.3264    |
72      | 3        | 2.7       | 0.0055    | 0.3417    | 0.3264    |
73      | 132      | 26.3      | 0.0054    | 0.341     | 0.3256    |
74      | 131      | 26214.6   | 0.0055    | 0.3405    | 0.3255    |
75      | 105      | 0.8       | 0.0054    | 0.3405    | 0.3255    |
76      | 48       | 0.475     | 0.0052    | 0.3404    | 0.325     |
77      | 107      | 14.7495   | 0.0052    | 0.3401    | 0.325     |
78      | 116      | -18.5667  | 0.005     | 0.34      | 0.3249    |
79      | 130      | 58991.5   | 0.0049    | 0.3407    | 0.3253    |
80      | 2        | 1.8       | 0.0048    | 0.3407    | 0.3255    |
81      | 115      | -19.225   | 0.0047    | 0.3407    | 0.3256    |
82      | 3        | 2.7       | 0.0046    | 0.3407    | 0.3254    |
83      | 129      | 16.6      | 0.0046    | 0.3408    | 0.3253    |
84      | 132      | 26.3      | 0.0045    | 0.3406    | 0.3252    |
85      | 107      | 14.7495   | 0.0044    | 0.3403    | 0.3252    |
86      | 115      | -19.225   | 0.0043    | 0.3404    | 0.3253    |
87      | 60       | 0.0801    | 0.0042    | 0.34      | 0.3256    |
88      | 116      | -18.5667  | 0.0041    | 0.34      | 0.3256    |
89      | 130      | 58991.5   | 0.0041    | 0.3405    | 0.3258    |
90      | 3        | 2.7       | 0.004     | 0.3405    | 0.3257    |
91      | 7        | 0.8       | 0.004     | 0.3401    | 0.3255    |
92      | 129      | 16.6      | 0.0038    | 0.34      | 0.3253    |
93      | 115      | -19.225   | 0.0038    | 0.34      | 0.3254    |
94      | 64       | 0.1235    | 0.0037    | 0.3403    | 0.3252    |
95      | 107      | 14.7495   | 0.0036    | 0.3402    | 0.3255    |
96      | 3        | 2.7       | 0.0036    | 0.3402    | 0.3254    |
97      | 130      | 19730.5   | 0.0036    | 0.3405    | 0.3253    |
98      | 131      | 52428.2   | 0.0035    | 0.3398    | 0.3255    |
99      | 116      | -18.5667  | 0.0035    | 0.3397    | 0.3255    |
100     | 132      | 26.3      | 0.0034    | 0.3394    | 0.3254    |
101     | 108      | 28.4579   | 0.0034    | 0.3393    | 0.3256    |
102     | 115      | -19.225   | 0.0034    | 0.3395    | 0.3256    |
103     | 129      | 33.2      | 0.0034    | 0.3392    | 0.3256    |
104     | 125      | -35.1055  | 0.0034    | 0.3392    | 0.3257    |
105     | 125      | -35.1055  | 0.0033    | 0.3393    | 0.3258    |
106     | 125      | -35.1055  | 0.0033    | 0.3394    | 0.3259    |
107     | 108      | 28.4579   | 0.0033    | 0.3395    | 0.3262    |
108     | 125      | -35.1055  | 0.0033    | 0.3395    | 0.3262    |
109     | 125      | -35.1055  | 0.0032    | 0.3396    | 0.3262    |
110     | 129      | 33.2      | 0.0032    | 0.3396    | 0.3262    |
111     | 2        | 1.8       | 0.0032    | 0.3395    | 0.3263    |
112     | 125      | -35.1055  | 0.0032    | 0.3395    | 0.3264    |
113     | 125      | -35.1055  | 0.0032    | 0.3395    | 0.3264    |
114     | 125      | -35.1055  | 0.0031    | 0.3396    | 0.3264    |
115     | 108      | 28.4579   | 0.0031    | 0.3396    | 0.3265    |
116     | 125      | -35.1055  | 0.0031    | 0.3398    | 0.3266    |
117     | 129      | 33.2      | 0.0031    | 0.3397    | 0.3266    |
118     | 125      | -35.1055  | 0.0031    | 0.3398    | 0.3269    |
119     | 60       | 0.0801    | 0.0031    | 0.3396    | 0.327     |
120     | 125      | -35.1055  | 0.003     | 0.3396    | 0.327     |
121     | 115      | -19.225   | 0.003     | 0.3396    | 0.327     |
122     | 125      | -35.1055  | 0.003     | 0.3397    | 0.3272    |
123     | 108      | 28.4579   | 0.003     | 0.3398    | 0.3272    |
124     | 125      | -35.1055  | 0.003     | 0.3398    | 0.3272    |
125     | 107      | 14.7495   | 0.003     | 0.3398    | 0.3272    |
126     | 130      | 58991.5   | 0.003     | 0.34      | 0.3275    |
127     | 125      | -35.1055  | 0.003     | 0.3401    | 0.3276    |
128     | 129      | 33.2      | 0.0029    | 0.34      | 0.3276    |
129     | 116      | -18.5667  | 0.0029    | 0.34      | 0.3277    |
130     | 125      | -35.1055  | 0.0029    | 0.3401    | 0.3277    |
131     | 64       | 0.2471    | 0.0029    | 0.3402    | 0.328     |
132     | 125      | -35.1055  | 0.0029    | 0.3403    | 0.3281    |
133     | 125      | -35.1055  | 0.0029    | 0.3404    | 0.3281    |
134     | 108      | 28.4579   | 0.0029    | 0.3405    | 0.328     |
135     | 125      | -35.1055  | 0.0028    | 0.3405    | 0.328     |
136     | 129      | 33.2      | 0.0028    | 0.3405    | 0.3279    |
137     | 125      | -35.1055  | 0.0028    | 0.3405    | 0.328     |
138     | 64       | 0.2471    | 0.0028    | 0.3406    | 0.3284    |
139     | 125      | -35.1055  | 0.0028    | 0.3407    | 0.3285    |
140     | 125      | -35.1055  | 0.0028    | 0.3407    | 0.3285    |
141     | 109      | 14.0338   | 0.0027    | 0.3408    | 0.3284    |
142     | 125      | -35.1055  | 0.0027    | 0.3409    | 0.3284    |
143     | 108      | 28.4579   | 0.0027    | 0.3408    | 0.3285    |
144     | 125      | -35.1055  | 0.0027    | 0.3409    | 0.3285    |
145     | 129      | 33.2      | 0.0027    | 0.3409    | 0.3286    |
146     | 125      | -35.1055  | 0.0027    | 0.3409    | 0.3286    |
147     | 3        | 2.7       | 0.0026    | 0.3409    | 0.3286    |
148     | 64       | 0.2471    | 0.0026    | 0.341     | 0.3289    |
149     | 125      | -35.1055  | 0.0026    | 0.3411    | 0.3288    |
150     | 125      | -35.1055  | 0.0026    | 0.341     | 0.3288    |
151     | 130      | 6643.5    | 0.0026    | 0.3416    | 0.3288    |
152     | 107      | 14.7495   | 0.0026    | 0.3416    | 0.3288    |
153     | 125      | -35.1055  | 0.0026    | 0.3415    | 0.3289    |
154     | 108      | 28.4579   | 0.0026    | 0.3415    | 0.329     |
155     | 125      | -35.1055  | 0.0026    | 0.3416    | 0.329     |
156     | 116      | -18.5667  | 0.0026    | 0.3416    | 0.3291    |
157     | 129      | 33.2      | 0.0025    | 0.3415    | 0.3289    |
158     | 125      | -35.1055  | 0.0025    | 0.3415    | 0.3289    |
159     | 64       | 0.2471    | 0.0025    | 0.3417    | 0.3292    |
160     | 125      | -35.1055  | 0.0025    | 0.3417    | 0.3292    |
161     | 125      | -35.1055  | 0.0025    | 0.3418    | 0.3292    |
162     | 132      | 26.3      | 0.0025    | 0.3416    | 0.3286    |
163     | 125      | -35.1055  | 0.0025    | 0.3416    | 0.3286    |
164     | 108      | 28.4579   | 0.0025    | 0.3417    | 0.3287    |
165     | 125      | -35.1055  | 0.0024    | 0.3418    | 0.3287    |
166     | 129      | 33.2      | 0.0024    | 0.3419    | 0.3288    |
167     | 64       | 0.2471    | 0.0024    | 0.342     | 0.3291    |
168     | 115      | -19.225   | 0.0024    | 0.342     | 0.3292    |
169     | 125      | -35.1055  | 0.0024    | 0.342     | 0.3293    |
170     | 125      | -35.1055  | 0.0024    | 0.342     | 0.3294    |
171     | 131      | 26214.6   | 0.0024    | 0.3419    | 0.3292    |
172     | 125      | -35.1055  | 0.0024    | 0.3419    | 0.3292    |
173     | 108      | 28.4579   | 0.0024    | 0.342     | 0.329     |
174     | 125      | -35.1055  | 0.0023    | 0.342     | 0.3291    |
175     | 64       | 0.2471    | 0.0023    | 0.3421    | 0.3291    |
176     | 125      | -35.1055  | 0.0023    | 0.3421    | 0.3292    |
177     | 129      | 33.2      | 0.0023    | 0.3421    | 0.3292    |
178     | 125      | -35.1055  | 0.0023    | 0.3421    | 0.3291    |
179     | 107      | 14.7495   | 0.0023    | 0.3419    | 0.329     |
180     | 125      | -35.1055  | 0.0023    | 0.3419    | 0.329     |
181     | 125      | -35.1055  | 0.0023    | 0.3419    | 0.329     |
182     | 108      | 28.4579   | 0.0022    | 0.3419    | 0.3289    |
183     | 55       | 0.0801    | 0.0022    | 0.342     | 0.329     |
184     | 125      | -35.1055  | 0.0022    | 0.342     | 0.3291    |
185     | 64       | 0.2471    | 0.0022    | 0.3422    | 0.3294    |
186     | 116      | -18.5667  | 0.0022    | 0.3421    | 0.3294    |
187     | 125      | -35.1055  | 0.0022    | 0.3421    | 0.3294    |
188     | 129      | 33.2      | 0.0022    | 0.3421    | 0.3294    |
189     | 125      | -35.1055  | 0.0022    | 0.3421    | 0.3294    |
190     | 125      | -35.1055  | 0.0022    | 0.3422    | 0.3294    |
191     | 108      | 28.4579   | 0.0021    | 0.3423    | 0.3295    |
192     | 125      | -35.1055  | 0.0021    | 0.3423    | 0.3295    |
193     | 64       | 0.2471    | 0.0021    | 0.3423    | 0.3297    |
194     | 125      | -35.1055  | 0.0021    | 0.3423    | 0.3298    |
195     | 130      | 58991.5   | 0.0021    | 0.3424    | 0.3302    |
196     | 125      | -35.1055  | 0.0021    | 0.3424    | 0.3302    |
197     | 129      | 33.2      | 0.0021    | 0.3425    | 0.3302    |
198     | 109      | 21.3044   | 0.0021    | 0.3424    | 0.3304    |
199     | 125      | -35.1055  | 0.0021    | 0.3423    | 0.3305    |
200     | 115      | -19.225   | 0.0021    | 0.3423    | 0.3306    |
201     | 125      | -35.1055  | 0.0021    | 0.3423    | 0.3306    |
202     | 2        | 1.8       | 0.0021    | 0.3422    | 0.3305    |
203     | 64       | 0.2471    | 0.002     | 0.3423    | 0.3307    |
204     | 108      | 28.4579   | 0.002     | 0.3423    | 0.3308    |
205     | 125      | -35.1055  | 0.002     | 0.3424    | 0.3308    |
206     | 125      | -35.1055  | 0.002     | 0.3423    | 0.3308    |
207     | 129      | 33.2      | 0.002     | 0.3423    | 0.3307    |
208     | 125      | -35.1055  | 0.002     | 0.3424    | 0.3308    |
209     | 109      | 21.3044   | 0.002     | 0.3423    | 0.3307    |
210     | 115      | -38.45    | 0.002     | 0.3423    | 0.3307    |
211     | 115      | -38.45    | 0.002     | 0.3423    | 0.3307    |
212     | 115      | -38.45    | 0.002     | 0.3424    | 0.3307    |
213     | 55       | 0.0801    | 0.002     | 0.3423    | 0.3306    |
214     | 115      | -38.45    | 0.002     | 0.3423    | 0.3308    |
215     | 115      | -38.45    | 0.0019    | 0.3424    | 0.3308    |
216     | 64       | 0.2471    | 0.0019    | 0.3424    | 0.3309    |
217     | 108      | 28.4579   | 0.0019    | 0.3425    | 0.331     |
218     | 115      | -38.45    | 0.0019    | 0.3425    | 0.331     |
219     | 125      | -35.1055  | 0.0019    | 0.3425    | 0.3311    |
220     | 115      | -38.45    | 0.0019    | 0.3425    | 0.331     |
221     | 129      | 33.2      | 0.0019    | 0.3424    | 0.3311    |
222     | 123      | -37.2379  | 0.0019    | 0.3424    | 0.3312    |
223     | 116      | -18.5667  | 0.0019    | 0.3424    | 0.3311    |
224     | 115      | -38.45    | 0.0019    | 0.3424    | 0.3311    |
225     | 115      | -38.45    | 0.0019    | 0.3424    | 0.3311    |
226     | 109      | 21.3044   | 0.0019    | 0.3424    | 0.331     |
227     | 115      | -38.45    | 0.0019    | 0.3424    | 0.331     |
228     | 115      | -38.45    | 0.0019    | 0.3424    | 0.331     |
229     | 107      | 14.7495   | 0.0019    | 0.3423    | 0.331     |
230     | 123      | -37.2379  | 0.0019    | 0.3423    | 0.331     |
231     | 64       | 0.2471    | 0.0019    | 0.3425    | 0.3311    |
232     | 115      | -38.45    | 0.0019    | 0.3425    | 0.3311    |
233     | 115      | -38.45    | 0.0019    | 0.3425    | 0.3312    |
234     | 131      | 52428.2   | 0.0019    | 0.3425    | 0.3311    |
235     | 132      | 26.3      | 0.0019    | 0.3424    | 0.331     |
236     | 115      | -38.45    | 0.0018    | 0.3424    | 0.331     |
237     | 125      | -35.1055  | 0.0018    | 0.3424    | 0.331     |
238     | 108      | 28.4579   | 0.0018    | 0.3424    | 0.3311    |
239     | 123      | -37.2379  | 0.0018    | 0.3424    | 0.3312    |
240     | 115      | -38.45    | 0.0018    | 0.3424    | 0.3312    |
241     | 115      | -38.45    | 0.0018    | 0.3424    | 0.3312    |
242     | 115      | -38.45    | 0.0018    | 0.3424    | 0.3312    |
243     | 115      | -38.45    | 0.0018    | 0.3425    | 0.3312    |
244     | 129      | 33.2      | 0.0018    | 0.3424    | 0.3312    |
245     | 123      | -37.2379  | 0.0018    | 0.3423    | 0.3313    |
246     | 115      | -38.45    | 0.0018    | 0.3423    | 0.3313    |
247     | 64       | 0.2471    | 0.0018    | 0.3424    | 0.3315    |
248     | 109      | 21.3044   | 0.0018    | 0.3425    | 0.3314    |
249     | 115      | -38.45    | 0.0018    | 0.3425    | 0.3314    |
250     | 115      | -38.45    | 0.0018    | 0.3425    | 0.3314    |
251     | 123      | -37.2379  | 0.0018    | 0.3425    | 0.3315    |
252     | 115      | -38.45    | 0.0018    | 0.3425    | 0.3315    |
253     | 115      | -19.225   | 0.0017    | 0.3425    | 0.3315    |
254     | 130      | 6643.5    | 0.0018    | 0.3426    | 0.3317    |
255     | 115      | -38.45    | 0.0017    | 0.3426    | 0.3317    |
256     | 115      | -38.45    | 0.0017    | 0.3426    | 0.3317    |
257     | 108      | 28.4579   | 0.0017    | 0.3427    | 0.3318    |
258     | 115      | -38.45    | 0.0017    | 0.3427    | 0.3318    |
259     | 123      | -37.2379  | 0.0017    | 0.3427    | 0.3318    |
260     | 115      | -38.45    | 0.0017    | 0.3427    | 0.3318    |
261     | 125      | -35.1055  | 0.0017    | 0.3427    | 0.3318    |
262     | 129      | 33.2      | 0.0017    | 0.3426    | 0.3318    |
263     | 64       | 0.2471    | 0.0017    | 0.3427    | 0.332     |
264     | 115      | -38.45    | 0.0017    | 0.3427    | 0.332     |
265     | 109      | 21.3044   | 0.0017    | 0.3427    | 0.3321    |
266     | 115      | -38.45    | 0.0017    | 0.3427    | 0.3321    |
267     | 123      | -37.2379  | 0.0017    | 0.3427    | 0.3322    |
268     | 115      | -38.45    | 0.0017    | 0.3427    | 0.3322    |
269     | 115      | -38.45    | 0.0017    | 0.3427    | 0.3322    |
270     | 116      | -18.5667  | 0.0017    | 0.3426    | 0.3321    |
271     | 55       | 0.0801    | 0.0017    | 0.3426    | 0.3318    |
272     | 115      | -38.45    | 0.0017    | 0.3426    | 0.3318    |
273     | 123      | -37.2379  | 0.0017    | 0.3427    | 0.3319    |
274     | 115      | -38.45    | 0.0017    | 0.3427    | 0.3319    |
275     | 115      | -38.45    | 0.0016    | 0.3427    | 0.3319    |
276     | 115      | -38.45    | 0.0016    | 0.3427    | 0.3319    |
277     | 108      | 28.4579   | 0.0016    | 0.3427    | 0.3318    |
278     | 129      | 33.2      | 0.0016    | 0.3426    | 0.3317    |
279     | 115      | -38.45    | 0.0016    | 0.3427    | 0.3317    |
280     | 64       | 0.2471    | 0.0016    | 0.3427    | 0.3318    |
281     | 123      | -37.2379  | 0.0016    | 0.3428    | 0.3318    |
282     | 107      | 14.7495   | 0.0016    | 0.3428    | 0.332     |
283     | 115      | -38.45    | 0.0016    | 0.3428    | 0.332     |
284     | 130      | 58991.5   | 0.0016    | 0.3429    | 0.3325    |
285     | 125      | -35.1055  | 0.0016    | 0.343     | 0.3325    |
286     | 109      | 21.3044   | 0.0016    | 0.343     | 0.3325    |
287     | 115      | -38.45    | 0.0016    | 0.343     | 0.3325    |
288     | 115      | -38.45    | 0.0016    | 0.3431    | 0.3325    |
289     | 123      | -37.2379  | 0.0016    | 0.3431    | 0.3325    |
290     | 115      | -38.45    | 0.0016    | 0.3431    | 0.3325    |
291     | 115      | -38.45    | 0.0016    | 0.3431    | 0.3326    |
292     | 115      | -38.45    | 0.0016    | 0.3431    | 0.3326    |
293     | 123      | -37.2379  | 0.0016    | 0.3431    | 0.3326    |
294     | 115      | -38.45    | 0.0016    | 0.3431    | 0.3326    |
295     | 129      | 33.2      | 0.0016    | 0.3431    | 0.3325    |
296     | 115      | -38.45    | 0.0016    | 0.3431    | 0.3325    |
297     | 64       | 0.2471    | 0.0015    | 0.3434    | 0.3327    |
298     | 108      | 28.4579   | 0.0015    | 0.3434    | 0.3327    |
299     | 115      | -38.45    | 0.0015    | 0.3434    | 0.3327    |
300     | 125      | -35.1055  | 0.0015    | 0.3434    | 0.3327    |
--------------------------------------------------------------------
Finished sucessfully.
NDCG@10 on training data: 0.3434
NDCG@10 on validation data: 0.3327
---------------------------------
NDCG@10 on test data: 0.3328

Model saved to: mymodel-rankboost3.txt
