[harshitha@csil RankLib]$ java -jar RankLib-2.1-patched.jar  -train Fold1/train.txt -test Fold1/test.txt -validate Fold1/vali.txt -ranker 6 -metric2t NDCG@10 -metric2T NDCG@10 -save mymodel_new_lm.txt

[+] General Parameters:
Training data:  Fold1/train.txt
Test data:      Fold1/test.txt
Validation data:        Fold1/vali.txt
Feature vector representation: Dense.
Ranking method: LambdaMART
Feature description file:       Unspecified. All features will be used.
Train metric:   NDCG@10
Test metric:    NDCG@10
Feature normalization: No
Model file: mymodel_new_lm.txt

[+] LambdaMART's Parameters:
No. of trees: 1000
No. of leaves: 10
No. of threshold candidates: 256
Learning rate: 0.1
Stop early: 100 rounds without performance gain on validation data

Reading feature file [Fold1/train.txt]... [Done.]
(6000 ranked lists, 723412 entries read)
Reading feature file [Fold1/vali.txt]... [Done.]
(2000 ranked lists, 235259 entries read)
Reading feature file [Fold1/test.txt]... [Done.]
(2000 ranked lists, 241521 entries read)
Initializing... [Done]
---------------------------------
Training starts...
---------------------------------
#iter   | NDCG@10-T | NDCG@10-V |
---------------------------------
1       | 0.3411    | 0.3448    |
2       | 0.3584    | 0.3631    |
3       | 0.3602    | 0.3657    |
4       | 0.3603    | 0.3656    |
5       | 0.3615    | 0.3675    |
6       | 0.3615    | 0.3675    |
7       | 0.3621    | 0.3678    |
8       | 0.362     | 0.3677    |
9       | 0.3646    | 0.3701    |
10      | 0.3647    | 0.3712    |
11      | 0.3645    | 0.3708    |
12      | 0.3646    | 0.3713    |
13      | 0.3753    | 0.3801    |
14      | 0.3768    | 0.381     |
15      | 0.3783    | 0.3831    |
16      | 0.3804    | 0.3845    |
17      | 0.3829    | 0.3864    |
18      | 0.3852    | 0.3891    |
19      | 0.3858    | 0.3889    |
20      | 0.3873    | 0.3909    |
21      | 0.39      | 0.3928    |
22      | 0.3923    | 0.3941    |
23      | 0.3935    | 0.3955    |
24      | 0.3943    | 0.3965    |
25      | 0.3947    | 0.3968    |
26      | 0.3955    | 0.3979    |
27      | 0.3962    | 0.399     |
28      | 0.3987    | 0.4       |
29      | 0.3992    | 0.4007    |
30      | 0.4007    | 0.4028    |
31      | 0.4022    | 0.4039    |
32      | 0.4028    | 0.4046    |
33      | 0.4041    | 0.4067    |
34      | 0.4047    | 0.408     |
35      | 0.4061    | 0.4103    |
36      | 0.407     | 0.4109    |
37      | 0.407     | 0.4108    |
38      | 0.4078    | 0.4122    |
39      | 0.4083    | 0.4125    |
40      | 0.4089    | 0.4139    |
41      | 0.4097    | 0.4146    |
42      | 0.4101    | 0.4152    |
43      | 0.4111    | 0.4156    |
44      | 0.412     | 0.4158    |
45      | 0.4125    | 0.416     |
46      | 0.4135    | 0.4161    |
47      | 0.4139    | 0.4166    |
48      | 0.4144    | 0.4172    |
49      | 0.4149    | 0.4174    |
50      | 0.415     | 0.4175    |
51      | 0.4156    | 0.4182    |
52      | 0.4165    | 0.4186    |
53      | 0.4171    | 0.4192    |
54      | 0.4176    | 0.4198    |
55      | 0.4185    | 0.4203    |
56      | 0.4188    | 0.4204    |
57      | 0.4192    | 0.4206    |
58      | 0.4197    | 0.4205    |
59      | 0.4202    | 0.4212    |
60      | 0.421     | 0.4219    |
61      | 0.4215    | 0.4224    |
62      | 0.4218    | 0.4231    |
63      | 0.4223    | 0.4233    |
64      | 0.4229    | 0.4238    |
65      | 0.4235    | 0.4243    |
66      | 0.4237    | 0.4246    |
67      | 0.4243    | 0.4247    |
68      | 0.4246    | 0.4251    |
69      | 0.4251    | 0.4255    |
70      | 0.4255    | 0.4267    |
71      | 0.4257    | 0.4268    |
72      | 0.4261    | 0.4269    |
73      | 0.4266    | 0.4272    |
74      | 0.4272    | 0.4274    |
75      | 0.4276    | 0.428     |
76      | 0.428     | 0.4284    |
77      | 0.4283    | 0.4287    |
78      | 0.4286    | 0.4294    |
79      | 0.429     | 0.4294    |
80      | 0.4292    | 0.4294    |
81      | 0.4297    | 0.4298    |
82      | 0.4298    | 0.4299    |
83      | 0.4301    | 0.4299    |
84      | 0.4298    | 0.4301    |
85      | 0.4304    | 0.4305    |
86      | 0.4311    | 0.4313    |
87      | 0.4313    | 0.4317    |
88      | 0.4317    | 0.4323    |
89      | 0.432     | 0.4324    |
90      | 0.4322    | 0.4327    |
91      | 0.4329    | 0.4332    |
92      | 0.4329    | 0.4331    |
93      | 0.4332    | 0.4333    |
94      | 0.4333    | 0.4336    |
95      | 0.4337    | 0.4341    |
96      | 0.4337    | 0.4337    |
97      | 0.434     | 0.4343    |
98      | 0.4341    | 0.4345    |
99      | 0.4344    | 0.435     |
100     | 0.4347    | 0.4348    |
101     | 0.4349    | 0.4348    |
102     | 0.4349    | 0.4348    |
103     | 0.4351    | 0.4354    |
104     | 0.4351    | 0.4354    |
105     | 0.4352    | 0.4358    |
106     | 0.4354    | 0.436     |
107     | 0.4358    | 0.4363    |
108     | 0.4362    | 0.4366    |
109     | 0.4364    | 0.4369    |
110     | 0.4364    | 0.4372    |
111     | 0.4368    | 0.4372    |
112     | 0.4371    | 0.4376    |
113     | 0.437     | 0.4378    |
114     | 0.4371    | 0.4378    |
115     | 0.4376    | 0.4382    |
116     | 0.4379    | 0.4384    |
117     | 0.4378    | 0.4388    |
118     | 0.438     | 0.4387    |
119     | 0.4382    | 0.4386    |
120     | 0.4387    | 0.4392    |
121     | 0.4387    | 0.4392    |
122     | 0.4389    | 0.4393    |
123     | 0.4391    | 0.439     |
124     | 0.4394    | 0.4392    |
125     | 0.4394    | 0.4395    |
126     | 0.4395    | 0.4399    |
127     | 0.4394    | 0.4396    |
128     | 0.4394    | 0.4393    |
129     | 0.4397    | 0.4395    |
130     | 0.4399    | 0.44      |
131     | 0.4401    | 0.44      |
132     | 0.4403    | 0.4402    |
133     | 0.4406    | 0.4405    |
134     | 0.4405    | 0.4405    |
135     | 0.4405    | 0.4406    |
136     | 0.4407    | 0.4407    |
137     | 0.4408    | 0.4408    |
138     | 0.441     | 0.441     |
139     | 0.4411    | 0.4411    |
140     | 0.4413    | 0.441     |
141     | 0.4415    | 0.4414    |
142     | 0.4415    | 0.4419    |
143     | 0.4418    | 0.442     |
144     | 0.4419    | 0.4419    |
145     | 0.4419    | 0.4417    |
146     | 0.442     | 0.4419    |
147     | 0.4423    | 0.4422    |
148     | 0.4423    | 0.4424    |
149     | 0.4423    | 0.4424    |
150     | 0.4425    | 0.4422    |
151     | 0.4425    | 0.4424    |
152     | 0.4428    | 0.4424    |
153     | 0.4429    | 0.4425    |
154     | 0.443     | 0.4426    |
155     | 0.4431    | 0.4427    |
156     | 0.4433    | 0.4426    |
157     | 0.4435    | 0.443     |
158     | 0.4437    | 0.4433    |
159     | 0.4437    | 0.4433    |
160     | 0.4438    | 0.4436    |
161     | 0.4441    | 0.4435    |
162     | 0.4441    | 0.4434    |
163     | 0.4443    | 0.4435    |
164     | 0.4442    | 0.444     |
165     | 0.4444    | 0.4441    |
166     | 0.4444    | 0.444     |
167     | 0.4447    | 0.4436    |
168     | 0.4448    | 0.444     |
169     | 0.4449    | 0.4438    |
170     | 0.445     | 0.4439    |
171     | 0.4449    | 0.4442    |
172     | 0.4449    | 0.4443    |
173     | 0.445     | 0.4447    |
174     | 0.4451    | 0.4446    |
175     | 0.4453    | 0.4446    |
176     | 0.4452    | 0.4452    |
177     | 0.4453    | 0.4451    |
178     | 0.4453    | 0.4449    |
179     | 0.4452    | 0.4449    |
180     | 0.4452    | 0.445     |
181     | 0.4454    | 0.445     |
182     | 0.4455    | 0.4452    |
183     | 0.4454    | 0.4455    |
184     | 0.4456    | 0.4452    |
185     | 0.4458    | 0.4453    |
186     | 0.4458    | 0.4455    |
187     | 0.4459    | 0.4458    |
188     | 0.4461    | 0.4458    |
189     | 0.4462    | 0.446     |
190     | 0.4462    | 0.4461    |
191     | 0.4465    | 0.446     |
192     | 0.4466    | 0.4459    |
193     | 0.4465    | 0.4458    |
194     | 0.4465    | 0.4459    |
195     | 0.4465    | 0.4459    |
196     | 0.4466    | 0.4459    |
197     | 0.4467    | 0.4459    |
198     | 0.4468    | 0.4456    |
199     | 0.4468    | 0.446     |
200     | 0.4467    | 0.4462    |
201     | 0.4466    | 0.4461    |
202     | 0.4467    | 0.4462    |
203     | 0.4468    | 0.4465    |
204     | 0.4469    | 0.4464    |
205     | 0.4469    | 0.4467    |
206     | 0.4469    | 0.4467    |
207     | 0.447     | 0.4466    |
208     | 0.4471    | 0.4468    |
209     | 0.4472    | 0.4467    |
210     | 0.4472    | 0.4468    |
211     | 0.4471    | 0.4468    |
212     | 0.4472    | 0.4469    |
213     | 0.4471    | 0.4467    |
214     | 0.4473    | 0.4469    |
215     | 0.4473    | 0.4467    |
216     | 0.4473    | 0.4466    |
217     | 0.4476    | 0.4468    |
218     | 0.4476    | 0.4468    |
219     | 0.4476    | 0.4467    |
220     | 0.4476    | 0.4467    |
221     | 0.4478    | 0.4468    |
222     | 0.4477    | 0.447     |
223     | 0.4479    | 0.4473    |
224     | 0.4481    | 0.4476    |
225     | 0.4482    | 0.4477    |
226     | 0.4481    | 0.4475    |
227     | 0.4482    | 0.4477    |
228     | 0.4483    | 0.4482    |
229     | 0.4484    | 0.448     |
230     | 0.4485    | 0.4481    |
231     | 0.4486    | 0.448     |
232     | 0.4488    | 0.4479    |
233     | 0.4489    | 0.448     |
234     | 0.4489    | 0.4479    |
235     | 0.4489    | 0.448     |
236     | 0.449     | 0.4483    |
237     | 0.4491    | 0.4483    |
238     | 0.4491    | 0.4482    |
239     | 0.449     | 0.4484    |
240     | 0.4492    | 0.4486    |
241     | 0.4492    | 0.4487    |
242     | 0.4492    | 0.4487    |
243     | 0.4493    | 0.4487    |
244     | 0.4495    | 0.4487    |
245     | 0.4496    | 0.4486    |
246     | 0.4497    | 0.4486    |
247     | 0.4497    | 0.4486    |
248     | 0.4497    | 0.4487    |
249     | 0.4498    | 0.4486    |
250     | 0.4497    | 0.4486    |
251     | 0.4499    | 0.4488    |
252     | 0.4498    | 0.4488    |
253     | 0.4499    | 0.4489    |
254     | 0.4499    | 0.449     |
255     | 0.4499    | 0.4488    |
256     | 0.4501    | 0.4488    |
257     | 0.45      | 0.449     |
258     | 0.4501    | 0.4491    |
259     | 0.45      | 0.4491    |
260     | 0.4499    | 0.4493    |
261     | 0.4507    | 0.45      |
262     | 0.4507    | 0.45      |
263     | 0.4507    | 0.4501    |
264     | 0.4507    | 0.4498    |
265     | 0.4509    | 0.4497    |
266     | 0.451     | 0.4496    |
267     | 0.4511    | 0.4496    |
268     | 0.4513    | 0.4496    |
269     | 0.4514    | 0.4501    |
270     | 0.4514    | 0.4504    |
271     | 0.4516    | 0.4503    |
272     | 0.4518    | 0.4503    |
273     | 0.452     | 0.4503    |
274     | 0.4522    | 0.4503    |
275     | 0.4522    | 0.4502    |
276     | 0.4523    | 0.4501    |
277     | 0.4522    | 0.4503    |
278     | 0.4522    | 0.4503    |
279     | 0.4522    | 0.4503    |
280     | 0.4524    | 0.4504    |
281     | 0.4525    | 0.4505    |
282     | 0.4526    | 0.4506    |
283     | 0.4526    | 0.4507    |
284     | 0.4526    | 0.4504    |
285     | 0.4526    | 0.4505    |
286     | 0.4526    | 0.4504    |
287     | 0.4527    | 0.4503    |
288     | 0.4527    | 0.4503    |
289     | 0.4526    | 0.4503    |
290     | 0.4528    | 0.4506    |
291     | 0.4528    | 0.4506    |
292     | 0.4529    | 0.451     |
293     | 0.453     | 0.451     |
294     | 0.4528    | 0.451     |
295     | 0.4528    | 0.4512    |
296     | 0.4529    | 0.4512    |
297     | 0.4529    | 0.4512    |
298     | 0.4529    | 0.4513    |
299     | 0.4529    | 0.4511    |
300     | 0.4529    | 0.4511    |
301     | 0.4529    | 0.4511    |
302     | 0.4529    | 0.4511    |
303     | 0.453     | 0.4511    |
304     | 0.4531    | 0.4511    |
305     | 0.4531    | 0.4511    |
306     | 0.4532    | 0.4512    |
307     | 0.4533    | 0.4512    |
308     | 0.4534    | 0.4514    |
309     | 0.4535    | 0.4513    |
310     | 0.4535    | 0.4513    |
311     | 0.4536    | 0.4512    |
312     | 0.4537    | 0.4513    |
313     | 0.4536    | 0.4516    |
314     | 0.4536    | 0.4516    |
315     | 0.4538    | 0.4515    |
316     | 0.4541    | 0.4518    |
317     | 0.4541    | 0.4517    |
318     | 0.4541    | 0.4517    |
319     | 0.4541    | 0.4518    |
320     | 0.4544    | 0.452     |
321     | 0.4547    | 0.4524    |
322     | 0.4548    | 0.4524    |
323     | 0.4547    | 0.4523    |
324     | 0.4547    | 0.4523    |
325     | 0.4548    | 0.4521    |
326     | 0.4547    | 0.4522    |
327     | 0.4549    | 0.4521    |
328     | 0.4549    | 0.4524    |
329     | 0.4548    | 0.4521    |
330     | 0.455     | 0.4525    |
331     | 0.455     | 0.4524    |
332     | 0.4551    | 0.4524    |
333     | 0.4553    | 0.4524    |
334     | 0.4554    | 0.4525    |
335     | 0.4552    | 0.4525    |
336     | 0.4553    | 0.4528    |
337     | 0.4557    | 0.4526    |
338     | 0.4558    | 0.4525    |
339     | 0.4558    | 0.4525    |
340     | 0.4558    | 0.4525    |
341     | 0.4558    | 0.4526    |
342     | 0.4559    | 0.4526    |
343     | 0.4559    | 0.4525    |
344     | 0.4559    | 0.4524    |
345     | 0.4559    | 0.4524    |
346     | 0.4561    | 0.4525    |
347     | 0.4563    | 0.4528    |
348     | 0.4565    | 0.4529    |
349     | 0.4565    | 0.4529    |
350     | 0.4565    | 0.453     |
351     | 0.4565    | 0.4531    |
352     | 0.4566    | 0.4531    |
353     | 0.4566    | 0.4531    |
354     | 0.4567    | 0.4532    |
355     | 0.4566    | 0.4533    |
356     | 0.4567    | 0.4532    |
357     | 0.4567    | 0.4531    |
358     | 0.4567    | 0.4531    |
359     | 0.4567    | 0.4532    |
360     | 0.457     | 0.4533    |
361     | 0.4569    | 0.4533    |
362     | 0.4569    | 0.4533    |
363     | 0.4569    | 0.4533    |
364     | 0.457     | 0.4532    |
365     | 0.4572    | 0.4533    |
366     | 0.4571    | 0.4535    |
367     | 0.457     | 0.4536    |
368     | 0.4573    | 0.4536    |
369     | 0.4574    | 0.4539    |
370     | 0.4575    | 0.4539    |
371     | 0.4574    | 0.454     |
372     | 0.4576    | 0.454     |
373     | 0.4575    | 0.454     |
374     | 0.4578    | 0.4538    |
375     | 0.4578    | 0.4538    |
376     | 0.4578    | 0.454     |
377     | 0.4578    | 0.454     |
378     | 0.4578    | 0.454     |
379     | 0.4578    | 0.4538    |
380     | 0.4578    | 0.454     |
381     | 0.4578    | 0.4539    |
382     | 0.4579    | 0.454     |
383     | 0.4581    | 0.4541    |
384     | 0.4585    | 0.4544    |
385     | 0.4584    | 0.454     |
386     | 0.4584    | 0.454     |
387     | 0.4584    | 0.4542    |
388     | 0.4587    | 0.4543    |
389     | 0.4587    | 0.4544    |
390     | 0.4587    | 0.4542    |
391     | 0.4589    | 0.4542    |
392     | 0.4589    | 0.4543    |
393     | 0.4589    | 0.4542    |
394     | 0.4588    | 0.4542    |
395     | 0.4588    | 0.4544    |
396     | 0.4589    | 0.4544    |
397     | 0.459     | 0.4545    |
398     | 0.459     | 0.4543    |
399     | 0.459     | 0.4542    |
400     | 0.4591    | 0.4542    |
401     | 0.4589    | 0.4541    |
402     | 0.4591    | 0.4542    |
403     | 0.4593    | 0.4543    |
404     | 0.4592    | 0.4542    |
405     | 0.4593    | 0.4542    |
406     | 0.4593    | 0.4542    |
407     | 0.4594    | 0.4542    |
408     | 0.4594    | 0.4541    |
409     | 0.4594    | 0.4543    |
410     | 0.4594    | 0.4543    |
411     | 0.4595    | 0.4543    |
412     | 0.4595    | 0.4544    |
413     | 0.4595    | 0.4544    |
414     | 0.4595    | 0.4545    |
415     | 0.4595    | 0.4544    |
416     | 0.4595    | 0.4544    |
417     | 0.4596    | 0.4546    |
418     | 0.4596    | 0.4547    |
419     | 0.4599    | 0.4543    |
420     | 0.46      | 0.4542    |
421     | 0.46      | 0.4543    |
422     | 0.46      | 0.4543    |
423     | 0.4601    | 0.4542    |
424     | 0.4601    | 0.4542    |
425     | 0.4601    | 0.4542    |
426     | 0.46      | 0.4543    |
427     | 0.4601    | 0.4541    |
428     | 0.4602    | 0.4542    |
429     | 0.4602    | 0.4542    |
430     | 0.4602    | 0.4542    |
431     | 0.4603    | 0.4543    |
432     | 0.4603    | 0.4542    |
433     | 0.4602    | 0.4544    |
434     | 0.4602    | 0.4544    |
435     | 0.4602    | 0.4543    |
436     | 0.4602    | 0.4545    |
437     | 0.4602    | 0.4545    |
438     | 0.4603    | 0.4545    |
439     | 0.4603    | 0.4544    |
440     | 0.4602    | 0.4543    |
441     | 0.4603    | 0.4542    |
442     | 0.4603    | 0.4542    |
443     | 0.4603    | 0.4541    |
444     | 0.4603    | 0.4542    |
445     | 0.4604    | 0.4544    |
446     | 0.4604    | 0.4543    |
447     | 0.4604    | 0.4544    |
448     | 0.4603    | 0.4543    |
449     | 0.4603    | 0.4542    |
450     | 0.4603    | 0.4542    |
451     | 0.4603    | 0.4544    |
452     | 0.4604    | 0.4543    |
453     | 0.4606    | 0.4547    |
454     | 0.4605    | 0.4546    |
455     | 0.4605    | 0.4548    |
456     | 0.4605    | 0.4548    |
457     | 0.4606    | 0.4548    |
458     | 0.4606    | 0.4548    |
459     | 0.4606    | 0.4548    |
460     | 0.4606    | 0.4547    |
461     | 0.4606    | 0.4546    |
462     | 0.4611    | 0.4547    |
463     | 0.4611    | 0.4546    |
464     | 0.4612    | 0.4548    |
465     | 0.4613    | 0.4548    |
466     | 0.4613    | 0.4548    |
467     | 0.4613    | 0.4548    |
468     | 0.4613    | 0.4549    |
469     | 0.4611    | 0.4548    |
470     | 0.4613    | 0.455     |
471     | 0.4612    | 0.455     |
472     | 0.4613    | 0.455     |
473     | 0.4613    | 0.4551    |
474     | 0.4613    | 0.4551    |
475     | 0.4613    | 0.455     |
476     | 0.4614    | 0.455     |
477     | 0.4614    | 0.4549    |
478     | 0.4614    | 0.455     |
479     | 0.4614    | 0.4551    |
480     | 0.4615    | 0.455     |
481     | 0.4616    | 0.455     |
482     | 0.4614    | 0.455     |
483     | 0.4614    | 0.4549    |
484     | 0.4614    | 0.4548    |
485     | 0.4616    | 0.4553    |
486     | 0.4617    | 0.4553    |
487     | 0.4616    | 0.4553    |
488     | 0.4617    | 0.4553    |
489     | 0.4619    | 0.4552    |
490     | 0.4619    | 0.4553    |
491     | 0.4618    | 0.4554    |
492     | 0.4618    | 0.4555    |
493     | 0.4619    | 0.4553    |
494     | 0.4618    | 0.4552    |
495     | 0.4618    | 0.4553    |
496     | 0.4618    | 0.4553    |
497     | 0.4621    | 0.4556    |
498     | 0.4621    | 0.4554    |
499     | 0.4621    | 0.4554    |
500     | 0.4622    | 0.4554    |
501     | 0.4621    | 0.4552    |
502     | 0.4622    | 0.4554    |
503     | 0.4621    | 0.4555    |
504     | 0.4622    | 0.4554    |
505     | 0.4622    | 0.4553    |
506     | 0.4622    | 0.4553    |
507     | 0.4622    | 0.4553    |
508     | 0.4623    | 0.4553    |
509     | 0.4623    | 0.4554    |
510     | 0.4623    | 0.4554    |
511     | 0.4623    | 0.4552    |
512     | 0.4624    | 0.4554    |
513     | 0.4623    | 0.4554    |
514     | 0.4625    | 0.4556    |
515     | 0.4625    | 0.4555    |
516     | 0.4625    | 0.4554    |
517     | 0.4625    | 0.4554    |
518     | 0.4625    | 0.4555    |
519     | 0.4626    | 0.4556    |
520     | 0.4626    | 0.4557    |
521     | 0.4626    | 0.4557    |
522     | 0.4626    | 0.456     |
523     | 0.4626    | 0.4559    |
524     | 0.4625    | 0.4559    |
525     | 0.4627    | 0.4558    |
526     | 0.4628    | 0.4555    |
527     | 0.4629    | 0.4556    |
528     | 0.4628    | 0.4556    |
529     | 0.4629    | 0.456     |
530     | 0.4631    | 0.456     |
531     | 0.463     | 0.4563    |
532     | 0.463     | 0.4563    |
533     | 0.4632    | 0.4568    |
534     | 0.4633    | 0.4569    |
535     | 0.4633    | 0.4569    |
536     | 0.4633    | 0.4569    |
537     | 0.4634    | 0.4569    |
538     | 0.4634    | 0.4568    |
539     | 0.4635    | 0.4568    |
540     | 0.4634    | 0.4568    |
541     | 0.4635    | 0.4566    |
542     | 0.4635    | 0.4566    |
543     | 0.4635    | 0.4565    |
544     | 0.4636    | 0.4564    |
545     | 0.4637    | 0.4565    |
546     | 0.4638    | 0.4565    |
547     | 0.4638    | 0.4565    |
548     | 0.4639    | 0.4567    |
549     | 0.4638    | 0.4567    |
550     | 0.4639    | 0.4567    |
551     | 0.4639    | 0.4565    |
552     | 0.4639    | 0.4565    |
553     | 0.464     | 0.4565    |
554     | 0.464     | 0.4564    |
555     | 0.4641    | 0.4567    |
556     | 0.4641    | 0.4566    |
557     | 0.4642    | 0.4564    |
558     | 0.4641    | 0.4566    |
559     | 0.4642    | 0.4566    |
560     | 0.4643    | 0.4566    |
561     | 0.4642    | 0.4563    |
562     | 0.4641    | 0.4563    |
563     | 0.4641    | 0.4563    |
564     | 0.4642    | 0.4563    |
565     | 0.4643    | 0.4563    |
566     | 0.4643    | 0.4566    |
567     | 0.4644    | 0.4567    |
568     | 0.4645    | 0.4566    |
569     | 0.4645    | 0.4565    |
570     | 0.4646    | 0.4564    |
571     | 0.4646    | 0.4564    |
572     | 0.4648    | 0.4567    |
573     | 0.4648    | 0.4567    |
574     | 0.4648    | 0.4567    |
575     | 0.465     | 0.4564    |
576     | 0.465     | 0.4566    |
577     | 0.465     | 0.4565    |
578     | 0.465     | 0.4565    |
579     | 0.465     | 0.4566    |
580     | 0.465     | 0.4567    |
581     | 0.4651    | 0.4569    |
582     | 0.4651    | 0.4567    |
583     | 0.4652    | 0.4565    |
584     | 0.4652    | 0.4565    |
585     | 0.4654    | 0.456     |
586     | 0.4655    | 0.4559    |
587     | 0.4656    | 0.4559    |
588     | 0.4656    | 0.4557    |
589     | 0.4656    | 0.4557    |
590     | 0.4656    | 0.4556    |
591     | 0.4657    | 0.4557    |
592     | 0.4656    | 0.4557    |
593     | 0.4657    | 0.4556    |
594     | 0.4657    | 0.4556    |
595     | 0.4657    | 0.4556    |
596     | 0.4658    | 0.4558    |
597     | 0.4659    | 0.4558    |
598     | 0.4658    | 0.4557    |
599     | 0.4658    | 0.4559    |
600     | 0.4658    | 0.456     |
601     | 0.4659    | 0.456     |
602     | 0.466     | 0.456     |
603     | 0.4661    | 0.456     |
604     | 0.4661    | 0.4562    |
605     | 0.4661    | 0.4561    |
606     | 0.4663    | 0.4563    |
607     | 0.4662    | 0.4561    |
608     | 0.4663    | 0.456     |
609     | 0.4663    | 0.4559    |
610     | 0.4663    | 0.4558    |
611     | 0.4664    | 0.4559    |
612     | 0.4664    | 0.4559    |
613     | 0.4665    | 0.4557    |
614     | 0.4665    | 0.456     |
615     | 0.4665    | 0.4562    |
616     | 0.4665    | 0.4563    |
617     | 0.4665    | 0.4564    |
618     | 0.4665    | 0.4563    |
619     | 0.4667    | 0.4561    |
620     | 0.4667    | 0.456     |
621     | 0.4667    | 0.4561    |
622     | 0.4667    | 0.4562    |
623     | 0.4667    | 0.4562    |
624     | 0.4667    | 0.4561    |
625     | 0.4668    | 0.4561    |
626     | 0.4668    | 0.4562    |
627     | 0.4668    | 0.4563    |
628     | 0.4668    | 0.4563    |
629     | 0.4668    | 0.4563    |
630     | 0.4669    | 0.4563    |
631     | 0.4671    | 0.4559    |
632     | 0.467     | 0.4559    |
633     | 0.4669    | 0.4559    |
634     | 0.467     | 0.4559    |
635     | 0.467     | 0.4558    |
---------------------------------
Finished sucessfully.
NDCG@10 on training data: 0.4633
NDCG@10 on validation data: 0.4569
---------------------------------
NDCG@10 on test data: 0.4452

Model saved to: mymodel_new_lm.txt
