[harshitha@csil RankLib]$ java -Xmx5555m  -jar RankLib-2.1-patched.jar  -train Fold3/train.txt -test Fold3/test.txt -validate Fold3/vali.txt -ranker 0 -metric2t NDCG@10 -metric2T NDCG@10 -save mymodel-mart3.txt

[+] General Parameters:
Training data:  Fold3/train.txt
Test data:      Fold3/test.txt
Validation data:        Fold3/vali.txt
Feature vector representation: Dense.
Ranking method: MART
Feature description file:       Unspecified. All features will be used.
Train metric:   NDCG@10
Test metric:    NDCG@10
Feature normalization: No
Model file: mymodel-mart3.txt

[+] MART's Parameters:
No. of trees: 1000
No. of leaves: 10
No. of threshold candidates: 256
Learning rate: 0.1
Stop early: 100 rounds without performance gain on validation data

Reading feature file [Fold3/train.txt]... [Done.]
(6000 ranked lists, 719111 entries read)
Reading feature file [Fold3/vali.txt]... [Done.]
(2000 ranked lists, 241988 entries read)
Reading feature file [Fold3/test.txt]... [Done.]
(2000 ranked lists, 239093 entries read)
Initializing... [Done]
---------------------------------
Training starts...
---------------------------------
#iter   | NDCG@10-T | NDCG@10-V |
---------------------------------
1       | 0.3435    | 0.3453    |
2       | 0.352     | 0.3514    |
3       | 0.36      | 0.3596    |
4       | 0.363     | 0.363     |
5       | 0.3648    | 0.3641    |
6       | 0.3669    | 0.3662    |
7       | 0.3687    | 0.3683    |
8       | 0.3767    | 0.3756    |
9       | 0.3788    | 0.3775    |
10      | 0.3816    | 0.3814    |
11      | 0.384     | 0.3829    |
12      | 0.3862    | 0.3849    |
13      | 0.3884    | 0.3865    |
14      | 0.3902    | 0.3877    |
15      | 0.3922    | 0.3885    |
16      | 0.3929    | 0.3893    |
17      | 0.3941    | 0.3907    |
18      | 0.3949    | 0.392     |
19      | 0.3958    | 0.3941    |
20      | 0.3971    | 0.3951    |
21      | 0.3977    | 0.3958    |
22      | 0.3983    | 0.3962    |
23      | 0.3998    | 0.3977    |
24      | 0.4011    | 0.3994    |
25      | 0.4024    | 0.4012    |
26      | 0.4029    | 0.4011    |
27      | 0.4038    | 0.4029    |
28      | 0.4056    | 0.4043    |
29      | 0.4053    | 0.4048    |
30      | 0.4067    | 0.4056    |
31      | 0.4072    | 0.4059    |
32      | 0.4078    | 0.407     |
33      | 0.4082    | 0.4068    |
34      | 0.4101    | 0.4084    |
35      | 0.4105    | 0.4089    |
36      | 0.4109    | 0.409     |
37      | 0.4118    | 0.4098    |
38      | 0.4127    | 0.4112    |
39      | 0.4137    | 0.4119    |
40      | 0.4145    | 0.4124    |
41      | 0.4153    | 0.413     |
42      | 0.4154    | 0.4132    |
43      | 0.4154    | 0.4137    |
44      | 0.4158    | 0.4135    |
45      | 0.4164    | 0.4133    |
46      | 0.4171    | 0.4135    |
47      | 0.4177    | 0.4135    |
48      | 0.4178    | 0.4142    |
49      | 0.4182    | 0.4146    |
50      | 0.4185    | 0.4145    |
51      | 0.4187    | 0.4145    |
52      | 0.4196    | 0.4154    |
53      | 0.4203    | 0.4156    |
54      | 0.4208    | 0.4163    |
55      | 0.4216    | 0.4168    |
56      | 0.4218    | 0.4164    |
57      | 0.4222    | 0.4173    |
58      | 0.4222    | 0.4179    |
59      | 0.4227    | 0.4178    |
60      | 0.4231    | 0.418     |
61      | 0.4233    | 0.4182    |
62      | 0.4235    | 0.4179    |
63      | 0.4235    | 0.4183    |
64      | 0.424     | 0.4178    |
65      | 0.424     | 0.4185    |
66      | 0.424     | 0.4187    |
67      | 0.4242    | 0.4192    |
68      | 0.4245    | 0.4193    |
69      | 0.4246    | 0.42      |
70      | 0.4251    | 0.4196    |
71      | 0.4251    | 0.4198    |
72      | 0.4252    | 0.4202    |
73      | 0.4256    | 0.4203    |
74      | 0.4257    | 0.4202    |
75      | 0.4256    | 0.4204    |
76      | 0.4259    | 0.4203    |
77      | 0.4262    | 0.4205    |
78      | 0.4266    | 0.4209    |
79      | 0.4267    | 0.4213    |
80      | 0.4267    | 0.4215    |
81      | 0.427     | 0.4214    |
82      | 0.4271    | 0.4214    |
83      | 0.4275    | 0.4214    |
84      | 0.4276    | 0.4215    |
85      | 0.4281    | 0.4221    |
86      | 0.4285    | 0.4227    |
87      | 0.4287    | 0.4231    |
88      | 0.4295    | 0.4238    |
89      | 0.4295    | 0.4242    |
90      | 0.43      | 0.4249    |
91      | 0.4303    | 0.4249    |
92      | 0.4305    | 0.425     |
93      | 0.4306    | 0.4249    |
94      | 0.4307    | 0.425     |
95      | 0.4308    | 0.4249    |
96      | 0.4309    | 0.4252    |
97      | 0.4309    | 0.4245    |
98      | 0.4309    | 0.4243    |
99      | 0.4311    | 0.4242    |
100     | 0.4314    | 0.4247    |
101     | 0.4314    | 0.4247    |
102     | 0.4312    | 0.4249    |
103     | 0.4313    | 0.425     |
104     | 0.4312    | 0.4249    |
105     | 0.4313    | 0.4254    |
106     | 0.4313    | 0.425     |
107     | 0.4315    | 0.4253    |
108     | 0.4316    | 0.4253    |
109     | 0.4317    | 0.4252    |
110     | 0.432     | 0.4255    |
111     | 0.4326    | 0.4259    |
112     | 0.433     | 0.4261    |
113     | 0.4331    | 0.4263    |
114     | 0.433     | 0.426     |
115     | 0.4331    | 0.4261    |
116     | 0.433     | 0.426     |
117     | 0.4332    | 0.4263    |
118     | 0.4332    | 0.4262    |
119     | 0.4334    | 0.4266    |
120     | 0.4336    | 0.4267    |
121     | 0.4335    | 0.4265    |
122     | 0.4336    | 0.4268    |
123     | 0.4337    | 0.4265    |
124     | 0.4338    | 0.4265    |
125     | 0.4337    | 0.4266    |
126     | 0.4339    | 0.4265    |
127     | 0.434     | 0.4267    |
128     | 0.434     | 0.427     |
129     | 0.434     | 0.4271    |
130     | 0.4341    | 0.4269    |
131     | 0.4343    | 0.4268    |
132     | 0.4344    | 0.427     |
133     | 0.4346    | 0.4266    |
134     | 0.4347    | 0.4266    |
135     | 0.4349    | 0.4273    |
136     | 0.4352    | 0.4276    |
137     | 0.4355    | 0.4277    |
138     | 0.4353    | 0.4278    |
139     | 0.4354    | 0.428     |
140     | 0.4358    | 0.4285    |
141     | 0.4359    | 0.4285    |
142     | 0.436     | 0.4287    |
143     | 0.4361    | 0.4288    |
144     | 0.4369    | 0.429     |
145     | 0.4369    | 0.4288    |
146     | 0.4369    | 0.4288    |
147     | 0.4374    | 0.429     |
148     | 0.4375    | 0.4292    |
149     | 0.4379    | 0.4291    |
150     | 0.4381    | 0.4293    |
151     | 0.438     | 0.4291    |
152     | 0.4383    | 0.4295    |
153     | 0.4383    | 0.4294    |
154     | 0.4384    | 0.4295    |
155     | 0.4384    | 0.4299    |
156     | 0.4384    | 0.43      |
157     | 0.4385    | 0.4297    |
158     | 0.4383    | 0.4296    |
159     | 0.4384    | 0.4298    |
160     | 0.4387    | 0.4302    |
161     | 0.4387    | 0.43      |
162     | 0.439     | 0.4304    |
163     | 0.439     | 0.4305    |
164     | 0.4391    | 0.4304    |
165     | 0.4393    | 0.4306    |
166     | 0.4393    | 0.4308    |
167     | 0.4395    | 0.431     |
168     | 0.4398    | 0.4313    |
169     | 0.4398    | 0.4313    |
170     | 0.44      | 0.4313    |
171     | 0.44      | 0.4315    |
172     | 0.4399    | 0.4314    |
173     | 0.44      | 0.4315    |
174     | 0.4401    | 0.4314    |
175     | 0.4401    | 0.4314    |
176     | 0.4401    | 0.4315    |
177     | 0.4401    | 0.4313    |
178     | 0.4401    | 0.4315    |
179     | 0.4404    | 0.4316    |
180     | 0.4407    | 0.4319    |
181     | 0.4409    | 0.4321    |
182     | 0.4407    | 0.4319    |
183     | 0.4407    | 0.4319    |
184     | 0.4407    | 0.4321    |
185     | 0.4407    | 0.4322    |
186     | 0.4408    | 0.4322    |
187     | 0.4408    | 0.4325    |
188     | 0.4409    | 0.4324    |
189     | 0.4411    | 0.4325    |
190     | 0.4411    | 0.4324    |
191     | 0.4412    | 0.4324    |
192     | 0.4412    | 0.4323    |
193     | 0.4413    | 0.4322    |
194     | 0.4413    | 0.4324    |
195     | 0.4415    | 0.4328    |
196     | 0.4414    | 0.4326    |
197     | 0.4414    | 0.4325    |
198     | 0.4414    | 0.4327    |
199     | 0.4415    | 0.4326    |
200     | 0.4417    | 0.4326    |
201     | 0.4415    | 0.4326    |
202     | 0.4417    | 0.4325    |
203     | 0.4418    | 0.4325    |
204     | 0.4422    | 0.4327    |
205     | 0.442     | 0.4321    |
206     | 0.4419    | 0.4323    |
207     | 0.4418    | 0.4323    |
208     | 0.442     | 0.4324    |
209     | 0.4422    | 0.432     |
210     | 0.4423    | 0.4321    |
211     | 0.4424    | 0.4322    |
212     | 0.4425    | 0.4321    |
213     | 0.4425    | 0.4325    |
214     | 0.4427    | 0.4322    |
215     | 0.4426    | 0.4323    |
216     | 0.4427    | 0.4323    |
217     | 0.4427    | 0.4322    |
218     | 0.4426    | 0.4326    |
219     | 0.4431    | 0.4328    |
220     | 0.4433    | 0.4325    |
221     | 0.4434    | 0.4324    |
222     | 0.4434    | 0.4329    |
223     | 0.4435    | 0.4329    |
224     | 0.4434    | 0.4329    |
225     | 0.4434    | 0.4329    |
226     | 0.4435    | 0.4328    |
227     | 0.4436    | 0.4326    |
228     | 0.4435    | 0.4325    |
229     | 0.4437    | 0.4327    |
230     | 0.4437    | 0.4327    |
231     | 0.4437    | 0.4327    |
232     | 0.4437    | 0.4328    |
233     | 0.4437    | 0.4328    |
234     | 0.4436    | 0.4331    |
235     | 0.4436    | 0.433     |
236     | 0.4436    | 0.4329    |
237     | 0.4439    | 0.4328    |
238     | 0.444     | 0.433     |
239     | 0.444     | 0.4332    |
240     | 0.4439    | 0.4332    |
241     | 0.4439    | 0.4334    |
242     | 0.444     | 0.4334    |
243     | 0.4441    | 0.4334    |
244     | 0.4441    | 0.4335    |
245     | 0.4441    | 0.4334    |
246     | 0.4442    | 0.4337    |
247     | 0.4443    | 0.4335    |
248     | 0.4443    | 0.4334    |
249     | 0.4447    | 0.4332    |
250     | 0.4447    | 0.4334    |
251     | 0.4448    | 0.4334    |
252     | 0.4448    | 0.4335    |
253     | 0.445     | 0.4335    |
254     | 0.445     | 0.4337    |
255     | 0.4451    | 0.4341    |
256     | 0.4454    | 0.4339    |
257     | 0.4455    | 0.4343    |
258     | 0.4455    | 0.434     |
259     | 0.4459    | 0.4341    |
260     | 0.4458    | 0.4345    |
261     | 0.446     | 0.4344    |
262     | 0.4461    | 0.4344    |
263     | 0.4459    | 0.4343    |
264     | 0.4459    | 0.4344    |
265     | 0.4459    | 0.4344    |
266     | 0.4461    | 0.4347    |
267     | 0.4461    | 0.4347    |
268     | 0.4461    | 0.4347    |
269     | 0.4461    | 0.4347    |
270     | 0.4461    | 0.4347    |
271     | 0.4462    | 0.4348    |
272     | 0.4461    | 0.4349    |
273     | 0.4465    | 0.4353    |
274     | 0.4467    | 0.4353    |
275     | 0.4467    | 0.4352    |
276     | 0.4468    | 0.4352    |
277     | 0.4467    | 0.4353    |
278     | 0.4467    | 0.4352    |
279     | 0.4467    | 0.4351    |
280     | 0.4468    | 0.4354    |
281     | 0.4468    | 0.4353    |
282     | 0.4468    | 0.4353    |
283     | 0.447     | 0.4352    |
284     | 0.4472    | 0.4355    |
285     | 0.4473    | 0.4356    |
286     | 0.4475    | 0.4356    |
287     | 0.4473    | 0.4355    |
288     | 0.4474    | 0.4355    |
289     | 0.4473    | 0.4353    |
290     | 0.4474    | 0.4353    |
291     | 0.4475    | 0.4353    |
292     | 0.4475    | 0.4353    |
293     | 0.4481    | 0.4351    |
294     | 0.4482    | 0.4352    |
295     | 0.4482    | 0.4353    |
296     | 0.448     | 0.4358    |
297     | 0.448     | 0.4356    |
298     | 0.4481    | 0.4355    |
299     | 0.4482    | 0.4354    |
300     | 0.4482    | 0.4352    |
301     | 0.4483    | 0.4353    |
302     | 0.4486    | 0.4353    |
303     | 0.4486    | 0.4355    |
304     | 0.4489    | 0.4356    |
305     | 0.449     | 0.4356    |
306     | 0.449     | 0.4355    |
307     | 0.449     | 0.4356    |
308     | 0.4489    | 0.4352    |
309     | 0.4489    | 0.4354    |
310     | 0.4488    | 0.4354    |
311     | 0.4489    | 0.4355    |
312     | 0.4489    | 0.4354    |
313     | 0.4488    | 0.4356    |
314     | 0.4489    | 0.4355    |
315     | 0.449     | 0.4353    |
316     | 0.4489    | 0.4354    |
317     | 0.449     | 0.4354    |
318     | 0.4491    | 0.4355    |
319     | 0.4491    | 0.4358    |
320     | 0.4493    | 0.4355    |
321     | 0.4495    | 0.4357    |
322     | 0.4496    | 0.4358    |
323     | 0.4495    | 0.4357    |
324     | 0.4495    | 0.4356    |
325     | 0.4498    | 0.4358    |
326     | 0.4498    | 0.4357    |
327     | 0.4499    | 0.4358    |
328     | 0.4499    | 0.4357    |
329     | 0.4499    | 0.4357    |
330     | 0.4499    | 0.4357    |
331     | 0.4499    | 0.4357    |
332     | 0.45      | 0.4358    |
333     | 0.4499    | 0.4356    |
334     | 0.45      | 0.4357    |
335     | 0.4501    | 0.4357    |
336     | 0.45      | 0.4359    |
337     | 0.4499    | 0.436     |
338     | 0.4501    | 0.4358    |
339     | 0.45      | 0.4359    |
340     | 0.4501    | 0.4361    |
341     | 0.4501    | 0.436     |
342     | 0.4502    | 0.4363    |
343     | 0.4503    | 0.4364    |
344     | 0.4503    | 0.4362    |
345     | 0.4503    | 0.436     |
346     | 0.4503    | 0.436     |
347     | 0.4502    | 0.4361    |
348     | 0.4502    | 0.4362    |
349     | 0.4502    | 0.4362    |
350     | 0.4502    | 0.4362    |
351     | 0.4503    | 0.4362    |
352     | 0.4503    | 0.4364    |
353     | 0.4502    | 0.4364    |
354     | 0.4503    | 0.436     |
355     | 0.4503    | 0.4362    |
356     | 0.4504    | 0.436     |
357     | 0.4505    | 0.436     |
358     | 0.4505    | 0.4359    |
359     | 0.4505    | 0.436     |
360     | 0.4505    | 0.436     |
361     | 0.4505    | 0.436     |
362     | 0.4505    | 0.4361    |
363     | 0.4506    | 0.4362    |
364     | 0.4507    | 0.4362    |
365     | 0.4508    | 0.4361    |
366     | 0.4508    | 0.4361    |
367     | 0.4507    | 0.4361    |
368     | 0.4509    | 0.4361    |
369     | 0.4508    | 0.436     |
370     | 0.4508    | 0.4361    |
371     | 0.4509    | 0.4358    |
372     | 0.4509    | 0.436     |
373     | 0.4509    | 0.4357    |
374     | 0.4509    | 0.4357    |
375     | 0.4509    | 0.4358    |
376     | 0.4509    | 0.4358    |
377     | 0.4509    | 0.4358    |
378     | 0.451     | 0.436     |
379     | 0.4509    | 0.436     |
380     | 0.4509    | 0.436     |
381     | 0.4511    | 0.4364    |
382     | 0.4514    | 0.4368    |
383     | 0.4515    | 0.4367    |
384     | 0.4515    | 0.4369    |
385     | 0.4516    | 0.4367    |
386     | 0.4515    | 0.4368    |
387     | 0.4514    | 0.437     |
388     | 0.4516    | 0.4369    |
389     | 0.4516    | 0.437     |
390     | 0.4516    | 0.4372    |
391     | 0.4518    | 0.437     |
392     | 0.4518    | 0.4371    |
393     | 0.4518    | 0.437     |
394     | 0.4518    | 0.437     |
395     | 0.4519    | 0.4372    |
396     | 0.4518    | 0.4371    |
397     | 0.4519    | 0.4371    |
398     | 0.4519    | 0.437     |
399     | 0.4519    | 0.4371    |
400     | 0.4519    | 0.437     |
401     | 0.4518    | 0.437     |
402     | 0.452     | 0.4372    |
403     | 0.4521    | 0.4373    |
404     | 0.4521    | 0.4373    |
405     | 0.452     | 0.4371    |
406     | 0.4523    | 0.4375    |
407     | 0.4523    | 0.4379    |
408     | 0.4524    | 0.4376    |
409     | 0.4524    | 0.4376    |
410     | 0.4525    | 0.4377    |
411     | 0.4525    | 0.4375    |
412     | 0.4525    | 0.4375    |
413     | 0.4526    | 0.4376    |
414     | 0.4528    | 0.4375    |
415     | 0.4529    | 0.4375    |
416     | 0.4531    | 0.4378    |
417     | 0.4532    | 0.4381    |
418     | 0.4532    | 0.4379    |
419     | 0.4533    | 0.4379    |
420     | 0.4532    | 0.438     |
421     | 0.4533    | 0.4382    |
422     | 0.4533    | 0.4381    |
423     | 0.4533    | 0.4384    |
424     | 0.4534    | 0.4384    |
425     | 0.4533    | 0.4382    |
426     | 0.4534    | 0.4381    |
427     | 0.4534    | 0.4381    |
428     | 0.4533    | 0.4382    |
429     | 0.4533    | 0.4382    |
430     | 0.4533    | 0.4379    |
431     | 0.4533    | 0.4379    |
432     | 0.4533    | 0.4379    |
433     | 0.4533    | 0.4379    |
434     | 0.4533    | 0.4379    |
435     | 0.4533    | 0.4377    |
436     | 0.4533    | 0.4378    |
437     | 0.4534    | 0.4378    |
438     | 0.4535    | 0.4379    |
439     | 0.4534    | 0.4378    |
440     | 0.4535    | 0.4379    |
441     | 0.4537    | 0.4379    |
442     | 0.4537    | 0.4379    |
443     | 0.4538    | 0.4378    |
444     | 0.4538    | 0.4379    |
445     | 0.4537    | 0.4379    |
446     | 0.4537    | 0.4379    |
447     | 0.4538    | 0.4378    |
448     | 0.4539    | 0.4377    |
449     | 0.4539    | 0.4374    |
450     | 0.4539    | 0.4375    |
451     | 0.4538    | 0.4374    |
452     | 0.4539    | 0.4374    |
453     | 0.4539    | 0.4374    |
454     | 0.4539    | 0.4374    |
455     | 0.4539    | 0.4377    |
456     | 0.4539    | 0.4377    |
457     | 0.4539    | 0.4377    |
458     | 0.4539    | 0.4377    |
459     | 0.4539    | 0.4376    |
460     | 0.4539    | 0.4379    |
461     | 0.454     | 0.4378    |
462     | 0.4539    | 0.4376    |
463     | 0.4539    | 0.4376    |
464     | 0.4538    | 0.4375    |
465     | 0.4539    | 0.4375    |
466     | 0.4539    | 0.4376    |
467     | 0.454     | 0.4379    |
468     | 0.4541    | 0.4379    |
469     | 0.454     | 0.4379    |
470     | 0.4541    | 0.4378    |
471     | 0.4541    | 0.438     |
472     | 0.454     | 0.438     |
473     | 0.454     | 0.438     |
474     | 0.4539    | 0.438     |
475     | 0.4541    | 0.438     |
476     | 0.454     | 0.4381    |
477     | 0.4541    | 0.438     |
478     | 0.4542    | 0.438     |
479     | 0.4541    | 0.4379    |
480     | 0.4541    | 0.438     |
481     | 0.4541    | 0.438     |
482     | 0.4541    | 0.438     |
483     | 0.4541    | 0.438     |
484     | 0.4541    | 0.438     |
485     | 0.4542    | 0.4381    |
486     | 0.4542    | 0.4381    |
487     | 0.4542    | 0.438     |
488     | 0.4542    | 0.438     |
489     | 0.4542    | 0.438     |
490     | 0.4542    | 0.4379    |
491     | 0.4542    | 0.4379    |
492     | 0.4542    | 0.4379    |
493     | 0.4543    | 0.438     |
494     | 0.4542    | 0.4381    |
495     | 0.4542    | 0.4381    |
496     | 0.4542    | 0.4379    |
497     | 0.4542    | 0.4379    |
498     | 0.4542    | 0.4378    |
499     | 0.4542    | 0.4377    |
500     | 0.4544    | 0.4379    |
501     | 0.4544    | 0.438     |
502     | 0.4546    | 0.4379    |
503     | 0.4546    | 0.438     |
504     | 0.4545    | 0.438     |
505     | 0.4545    | 0.4382    |
506     | 0.4546    | 0.4382    |
507     | 0.4546    | 0.4381    |
508     | 0.4546    | 0.438     |
509     | 0.4547    | 0.4381    |
510     | 0.4547    | 0.438     |
511     | 0.4547    | 0.438     |
512     | 0.4547    | 0.4381    |
513     | 0.4547    | 0.4379    |
514     | 0.4549    | 0.4381    |
515     | 0.4549    | 0.438     |
516     | 0.4547    | 0.4379    |
517     | 0.4547    | 0.4379    |
518     | 0.4548    | 0.4378    |
519     | 0.4548    | 0.4379    |
520     | 0.4546    | 0.4376    |
521     | 0.4548    | 0.4377    |
522     | 0.4549    | 0.4378    |
523     | 0.4549    | 0.4378    |
524     | 0.4548    | 0.4377    |
525     | 0.4549    | 0.4379    |
---------------------------------
Finished sucessfully.
NDCG@10 on training data: 0.4534
NDCG@10 on validation data: 0.4384
---------------------------------
NDCG@10 on test data: 0.4362

Model saved to: mymodel-mart3.txt
