[harshitha@csil RankLib]$ java -jar RankLib-2.1-patched.jar -train Fold2/train.txt -test Fold2/test.txt -validate Fold2/vali.txt -ranker 2 -metric2t NDCG@10 -metric2T NDCG@10 -save mymodel-rankboost2.txt

[+] General Parameters:
Training data:  Fold2/train.txt
Test data:      Fold2/test.txt
Validation data:        Fold2/vali.txt
Feature vector representation: Dense.
Ranking method: RankBoost
Feature description file:       Unspecified. All features will be used.
Train metric:   NDCG@10
Test metric:    NDCG@10
Feature normalization: No
Model file: mymodel-rankboost2.txt

[+] RankBoost's Parameters:
No. of rounds: 300
No. of threshold candidates: 10

Reading feature file [Fold2/train.txt]... [Done.]
(6000 ranked lists, 716683 entries read)
Reading feature file [Fold2/vali.txt]... [Done.]
(2000 ranked lists, 241521 entries read)
Reading feature file [Fold2/test.txt]... [Done.]
(2000 ranked lists, 241988 entries read)
Initializing... [Done]
------------------------------------------
Training starts...
--------------------------------------------------------------------
#iter   | Sel. F.  | Threshold | Error     | NDCG@10-T | NDCG@10-V |
--------------------------------------------------------------------
1       | 8        | 0.5       | 0.1004    | 0.8037    | 0.2213    |
2       | 63       | 0.1       | 0.0685    | 0.7204    | 0.2362    |
3       | 104      | 0.2       | 0.0536    | 0.5699    | 0.2525    |
4       | 8        | 0.7       | 0.0486    | 0.5578    | 0.258     |
5       | 109      | 7.2198    | 0.0332    | 0.5385    | 0.2606    |
6       | 105      | 0.9       | 0.0304    | 0.5137    | 0.2648    |
7       | 130      | 26273.6   | 0.0287    | 0.4501    | 0.2887    |
8       | 8        | 0.7       | 0.0278    | 0.4516    | 0.2902    |
9       | 7        | 0.3       | 0.0249    | 0.3979    | 0.2992    |
10      | 131      | 45874.8   | 0.0236    | 0.3702    | 0.3041    |
11      | 49       | 0.1636    | 0.021     | 0.3608    | 0.3091    |
12      | 58       | 0.1       | 0.02      | 0.3605    | 0.3092    |
13      | 130      | 13186.8   | 0.0196    | 0.3576    | 0.3111    |
14      | 3        | 2.7       | 0.0192    | 0.3586    | 0.3125    |
15      | 129      | 15.4      | 0.0189    | 0.3546    | 0.3163    |
16      | 48       | 0.475     | 0.018     | 0.348     | 0.3169    |
17      | 105      | 0.8       | 0.0172    | 0.3477    | 0.3172    |
18      | 3        | 2.7       | 0.0166    | 0.3482    | 0.3176    |
19      | 130      | 45903.8   | 0.0166    | 0.3472    | 0.321     |
20      | 129      | 15.4      | 0.016     | 0.3482    | 0.3226    |
21      | 3        | 2.7       | 0.0154    | 0.3483    | 0.3225    |
22      | 7        | 0.4       | 0.0149    | 0.3466    | 0.3221    |
23      | 115      | -19.225   | 0.0147    | 0.347     | 0.3225    |
24      | 3        | 2.7       | 0.0136    | 0.3471    | 0.3222    |
25      | 115      | -19.225   | 0.0134    | 0.3476    | 0.3227    |
26      | 131      | 39321.4   | 0.0132    | 0.3455    | 0.3226    |
27      | 109      | 14.4397   | 0.0128    | 0.345     | 0.3235    |
28      | 130      | 58990.6   | 0.0125    | 0.3457    | 0.326     |
29      | 115      | -19.225   | 0.0125    | 0.3461    | 0.3261    |
30      | 129      | 15.4      | 0.0123    | 0.3464    | 0.3267    |
31      | 3        | 2.7       | 0.0119    | 0.3464    | 0.3269    |
32      | 48       | 0.475     | 0.0116    | 0.346     | 0.3254    |
33      | 115      | -19.225   | 0.0112    | 0.3462    | 0.3254    |
34      | 129      | 15.4      | 0.0105    | 0.3461    | 0.3259    |
35      | 115      | -19.225   | 0.0104    | 0.3463    | 0.326     |
36      | 107      | 14.7495   | 0.0104    | 0.3455    | 0.326     |
37      | 130      | 58990.6   | 0.0101    | 0.3469    | 0.3274    |
38      | 3        | 2.7       | 0.0102    | 0.347     | 0.3274    |
39      | 132      | 26.3      | 0.0101    | 0.3437    | 0.3272    |
40      | 105      | 0.9       | 0.01      | 0.3436    | 0.3271    |
41      | 130      | 6643.4    | 0.01      | 0.3432    | 0.3291    |
42      | 109      | 14.4397   | 0.0097    | 0.3434    | 0.3298    |
43      | 115      | -19.225   | 0.0093    | 0.3436    | 0.3298    |
44      | 107      | 14.7495   | 0.0091    | 0.3434    | 0.3294    |
45      | 3        | 2.7       | 0.0089    | 0.3434    | 0.3292    |
46      | 129      | 15.4      | 0.0087    | 0.3435    | 0.3288    |
47      | 115      | -19.225   | 0.0084    | 0.3436    | 0.329     |
48      | 2        | 1.8       | 0.0083    | 0.3433    | 0.3288    |
49      | 60       | 0.0801    | 0.0082    | 0.342     | 0.3283    |
50      | 130      | 58990.6   | 0.0079    | 0.3431    | 0.3288    |
51      | 3        | 2.7       | 0.008     | 0.3431    | 0.3287    |
52      | 125      | -17.5528  | 0.0077    | 0.343     | 0.3287    |
53      | 132      | 26.3      | 0.0077    | 0.3422    | 0.3282    |
54      | 107      | 14.7495   | 0.0077    | 0.3421    | 0.3286    |
55      | 131      | 45874.8   | 0.0075    | 0.3416    | 0.3283    |
56      | 116      | -18.5667  | 0.0073    | 0.3413    | 0.3284    |
57      | 115      | -19.225   | 0.0071    | 0.3415    | 0.3286    |
58      | 109      | 14.4397   | 0.007     | 0.3414    | 0.3287    |
59      | 129      | 15.4      | 0.0069    | 0.3414    | 0.3283    |
60      | 48       | 0.475     | 0.0069    | 0.3413    | 0.3283    |
61      | 130      | 39360.4   | 0.0069    | 0.3418    | 0.3286    |
62      | 107      | 14.7495   | 0.0067    | 0.3416    | 0.3287    |
63      | 3        | 2.7       | 0.0066    | 0.3416    | 0.3284    |
64      | 115      | -19.225   | 0.0063    | 0.3419    | 0.3285    |
65      | 2        | 1.8       | 0.0061    | 0.342     | 0.3288    |
66      | 132      | 26.3      | 0.0061    | 0.3411    | 0.3281    |
67      | 116      | -18.5667  | 0.006     | 0.3412    | 0.3283    |
68      | 129      | 15.4      | 0.0058    | 0.3413    | 0.3278    |
69      | 3        | 2.7       | 0.0058    | 0.3412    | 0.3277    |
70      | 60       | 0.0801    | 0.0058    | 0.3408    | 0.3276    |
71      | 130      | 6643.4    | 0.0058    | 0.3413    | 0.3283    |
72      | 115      | -19.225   | 0.0056    | 0.3414    | 0.3283    |
73      | 107      | 14.7495   | 0.0055    | 0.3413    | 0.3281    |
74      | 3        | 2.7       | 0.0053    | 0.3413    | 0.328     |
75      | 130      | 58990.6   | 0.0053    | 0.3417    | 0.3287    |
76      | 115      | -19.225   | 0.0052    | 0.3418    | 0.3287    |
77      | 129      | 30.8      | 0.0051    | 0.3415    | 0.3286    |
78      | 109      | 14.4397   | 0.0051    | 0.3417    | 0.329     |
79      | 107      | 14.7495   | 0.0049    | 0.3414    | 0.3292    |
80      | 116      | -18.5667  | 0.0049    | 0.3415    | 0.3291    |
81      | 129      | 30.8      | 0.0048    | 0.3415    | 0.3288    |
82      | 115      | -19.225   | 0.0046    | 0.3416    | 0.3288    |
83      | 129      | 30.8      | 0.0045    | 0.3416    | 0.3289    |
84      | 132      | 26.3      | 0.0045    | 0.3412    | 0.3285    |
85      | 131      | 26214.6   | 0.0047    | 0.3407    | 0.3285    |
86      | 3        | 2.7       | 0.0045    | 0.3407    | 0.3285    |
87      | 107      | 14.7495   | 0.0044    | 0.3406    | 0.3284    |
88      | 60       | 0.0801    | 0.0044    | 0.3403    | 0.3282    |
89      | 116      | -18.5667  | 0.0042    | 0.3402    | 0.328     |
90      | 129      | 30.8      | 0.0042    | 0.3401    | 0.328     |
91      | 105      | 0.8       | 0.0041    | 0.3402    | 0.328     |
92      | 130      | 58990.6   | 0.0042    | 0.3408    | 0.3283    |
93      | 2        | 1.8       | 0.004     | 0.3408    | 0.3286    |
94      | 48       | 0.475     | 0.004     | 0.3406    | 0.3283    |
95      | 129      | 30.8      | 0.004     | 0.3406    | 0.3283    |
96      | 115      | -19.225   | 0.0039    | 0.3406    | 0.3283    |
97      | 64       | 0.1235    | 0.0039    | 0.3404    | 0.3289    |
98      | 125      | -35.1055  | 0.0039    | 0.3404    | 0.3289    |
99      | 125      | -35.1055  | 0.0038    | 0.3406    | 0.329     |
100     | 125      | -35.1055  | 0.0038    | 0.3407    | 0.3291    |
101     | 129      | 30.8      | 0.0037    | 0.3406    | 0.3293    |
102     | 3        | 2.7       | 0.0037    | 0.3406    | 0.3294    |
103     | 125      | -35.1055  | 0.0037    | 0.3408    | 0.3295    |
104     | 125      | -35.1055  | 0.0037    | 0.3408    | 0.3296    |
105     | 125      | -35.1055  | 0.0037    | 0.3408    | 0.3296    |
106     | 125      | -35.1055  | 0.0036    | 0.3409    | 0.3297    |
107     | 125      | -35.1055  | 0.0036    | 0.341     | 0.3299    |
108     | 132      | 26.3      | 0.0036    | 0.3406    | 0.3295    |
109     | 130      | 19730.2   | 0.0037    | 0.3409    | 0.3301    |
110     | 125      | -35.1055  | 0.0036    | 0.3411    | 0.3302    |
111     | 107      | 14.7495   | 0.0035    | 0.341     | 0.3301    |
112     | 129      | 30.8      | 0.0035    | 0.3409    | 0.3301    |
113     | 116      | -18.5667  | 0.0035    | 0.3409    | 0.33      |
114     | 125      | -35.1055  | 0.0035    | 0.3409    | 0.33      |
115     | 125      | -35.1055  | 0.0035    | 0.3411    | 0.3302    |
116     | 125      | -35.1055  | 0.0034    | 0.3411    | 0.3302    |
117     | 125      | -35.1055  | 0.0034    | 0.3412    | 0.3302    |
118     | 125      | -35.1055  | 0.0034    | 0.3412    | 0.3302    |
119     | 115      | -19.225   | 0.0033    | 0.3412    | 0.3302    |
120     | 131      | 52428.2   | 0.0034    | 0.3407    | 0.33      |
121     | 125      | -35.1055  | 0.0033    | 0.3408    | 0.33      |
122     | 125      | -35.1055  | 0.0033    | 0.3408    | 0.33      |
123     | 125      | -35.1055  | 0.0033    | 0.3408    | 0.33      |
124     | 129      | 30.8      | 0.0033    | 0.3408    | 0.33      |
125     | 108      | 28.4579   | 0.0033    | 0.3408    | 0.3301    |
126     | 125      | -35.1055  | 0.0032    | 0.3408    | 0.3302    |
127     | 125      | -35.1055  | 0.0032    | 0.3408    | 0.3302    |
128     | 60       | 0.0801    | 0.0032    | 0.3406    | 0.3299    |
129     | 125      | -35.1055  | 0.0032    | 0.3407    | 0.33      |
130     | 3        | 2.7       | 0.0031    | 0.3407    | 0.33      |
131     | 125      | -35.1055  | 0.0031    | 0.3407    | 0.33      |
132     | 107      | 14.7495   | 0.0031    | 0.3406    | 0.33      |
133     | 130      | 58990.6   | 0.0031    | 0.3407    | 0.3302    |
134     | 125      | -35.1055  | 0.0031    | 0.3408    | 0.3303    |
135     | 108      | 28.4579   | 0.0031    | 0.3408    | 0.3304    |
136     | 129      | 30.8      | 0.0031    | 0.3408    | 0.3301    |
137     | 125      | -35.1055  | 0.0031    | 0.3408    | 0.3302    |
138     | 125      | -35.1055  | 0.003     | 0.3409    | 0.3302    |
139     | 116      | -18.5667  | 0.003     | 0.3408    | 0.33      |
140     | 125      | -35.1055  | 0.003     | 0.3408    | 0.3301    |
141     | 125      | -35.1055  | 0.003     | 0.3409    | 0.3303    |
142     | 108      | 28.4579   | 0.0029    | 0.341     | 0.3304    |
143     | 125      | -35.1055  | 0.0029    | 0.3411    | 0.3304    |
144     | 125      | -35.1055  | 0.0029    | 0.3411    | 0.3304    |
145     | 129      | 30.8      | 0.0029    | 0.3411    | 0.3305    |
146     | 125      | -35.1055  | 0.0029    | 0.3412    | 0.3305    |
147     | 2        | 1.8       | 0.0029    | 0.3412    | 0.3306    |
148     | 125      | -35.1055  | 0.0028    | 0.3412    | 0.3306    |
149     | 132      | 26.3      | 0.0028    | 0.3408    | 0.3304    |
150     | 125      | -35.1055  | 0.0028    | 0.3408    | 0.3304    |
151     | 108      | 28.4579   | 0.0028    | 0.3408    | 0.3306    |
152     | 125      | -35.1055  | 0.0028    | 0.3408    | 0.3306    |
153     | 115      | -19.225   | 0.0028    | 0.3409    | 0.3305    |
154     | 125      | -35.1055  | 0.0028    | 0.3409    | 0.3305    |
155     | 129      | 30.8      | 0.0027    | 0.3407    | 0.3306    |
156     | 125      | -35.1055  | 0.0027    | 0.3408    | 0.3306    |
157     | 125      | -35.1055  | 0.0027    | 0.3408    | 0.3307    |
158     | 108      | 28.4579   | 0.0027    | 0.3409    | 0.3306    |
159     | 125      | -35.1055  | 0.0027    | 0.3409    | 0.3306    |
160     | 130      | 6643.4    | 0.0027    | 0.3413    | 0.3311    |
161     | 64       | 0.1235    | 0.0027    | 0.3415    | 0.3311    |
162     | 125      | -35.1055  | 0.0027    | 0.3415    | 0.3312    |
163     | 125      | -35.1055  | 0.0026    | 0.3415    | 0.3311    |
164     | 116      | -18.5667  | 0.0026    | 0.3414    | 0.3311    |
165     | 125      | -35.1055  | 0.0026    | 0.3415    | 0.3311    |
166     | 108      | 28.4579   | 0.0026    | 0.3414    | 0.3312    |
167     | 123      | -37.2379  | 0.0026    | 0.3414    | 0.3312    |
168     | 129      | 30.8      | 0.0026    | 0.3414    | 0.3312    |
169     | 125      | -35.1055  | 0.0026    | 0.3414    | 0.3312    |
170     | 125      | -35.1055  | 0.0025    | 0.3413    | 0.3312    |
171     | 123      | -37.2379  | 0.0025    | 0.3414    | 0.3312    |
172     | 107      | 14.7495   | 0.0025    | 0.3414    | 0.3311    |
173     | 125      | -35.1055  | 0.0025    | 0.3414    | 0.3311    |
174     | 123      | -37.2379  | 0.0025    | 0.3415    | 0.3311    |
175     | 125      | -35.1055  | 0.0025    | 0.3415    | 0.3311    |
176     | 108      | 28.4579   | 0.0025    | 0.3414    | 0.3312    |
177     | 125      | -35.1055  | 0.0025    | 0.3415    | 0.3312    |
178     | 123      | -37.2379  | 0.0024    | 0.3415    | 0.3312    |
179     | 125      | -35.1055  | 0.0024    | 0.3415    | 0.3312    |
180     | 129      | 30.8      | 0.0024    | 0.3415    | 0.331     |
181     | 130      | 58990.6   | 0.0024    | 0.3416    | 0.3315    |
182     | 123      | -37.2379  | 0.0024    | 0.3416    | 0.3315    |
183     | 115      | -19.225   | 0.0024    | 0.3416    | 0.3315    |
184     | 125      | -35.1055  | 0.0024    | 0.3416    | 0.3316    |
185     | 123      | -37.2379  | 0.0024    | 0.3416    | 0.3316    |
186     | 125      | -35.1055  | 0.0024    | 0.3416    | 0.3316    |
187     | 108      | 28.4579   | 0.0023    | 0.3417    | 0.3315    |
188     | 125      | -35.1055  | 0.0023    | 0.3417    | 0.3315    |
189     | 123      | -37.2379  | 0.0023    | 0.3417    | 0.3315    |
190     | 60       | 0.0801    | 0.0023    | 0.3416    | 0.3317    |
191     | 125      | -35.1055  | 0.0023    | 0.3416    | 0.3317    |
192     | 129      | 30.8      | 0.0023    | 0.3417    | 0.3315    |
193     | 123      | -37.2379  | 0.0023    | 0.3417    | 0.3315    |
194     | 125      | -35.1055  | 0.0023    | 0.3417    | 0.3315    |
195     | 120      | -18.5852  | 0.0023    | 0.3417    | 0.3315    |
196     | 125      | -35.1055  | 0.0023    | 0.3417    | 0.3315    |
197     | 123      | -37.2379  | 0.0022    | 0.3417    | 0.3316    |
198     | 125      | -35.1055  | 0.0022    | 0.3417    | 0.3316    |
199     | 107      | 14.7495   | 0.0022    | 0.3417    | 0.3316    |
200     | 64       | 0.2471    | 0.0022    | 0.3416    | 0.3319    |
201     | 108      | 28.4579   | 0.0022    | 0.3416    | 0.3319    |
202     | 123      | -37.2379  | 0.0022    | 0.3416    | 0.3319    |
203     | 125      | -35.1055  | 0.0022    | 0.3416    | 0.3319    |
204     | 125      | -35.1055  | 0.0022    | 0.3416    | 0.3319    |
205     | 123      | -37.2379  | 0.0022    | 0.3416    | 0.3319    |
206     | 129      | 30.8      | 0.0022    | 0.3415    | 0.3319    |
207     | 125      | -35.1055  | 0.0021    | 0.3415    | 0.3319    |
208     | 64       | 0.2471    | 0.0021    | 0.3416    | 0.332     |
209     | 123      | -37.2379  | 0.0021    | 0.3416    | 0.332     |
210     | 125      | -35.1055  | 0.0021    | 0.3416    | 0.332     |
211     | 132      | 26.3      | 0.0021    | 0.3415    | 0.332     |
212     | 108      | 28.4579   | 0.0021    | 0.3416    | 0.3321    |
213     | 131      | 45874.8   | 0.0021    | 0.3414    | 0.3321    |
214     | 125      | -35.1055  | 0.0021    | 0.3414    | 0.3321    |
215     | 123      | -37.2379  | 0.0021    | 0.3414    | 0.3322    |
216     | 116      | -18.5667  | 0.0021    | 0.3414    | 0.3323    |
217     | 125      | -35.1055  | 0.0021    | 0.3414    | 0.3323    |
218     | 123      | -37.2379  | 0.0021    | 0.3414    | 0.3323    |
219     | 125      | -35.1055  | 0.0021    | 0.3414    | 0.3322    |
220     | 64       | 0.2471    | 0.002     | 0.3415    | 0.3323    |
221     | 125      | -35.1055  | 0.002     | 0.3415    | 0.3324    |
222     | 123      | -37.2379  | 0.002     | 0.3415    | 0.3324    |
223     | 2        | 1.8       | 0.002     | 0.3416    | 0.3323    |
224     | 108      | 28.4579   | 0.002     | 0.3417    | 0.3325    |
225     | 125      | -35.1055  | 0.002     | 0.3417    | 0.3326    |
226     | 129      | 30.8      | 0.002     | 0.3417    | 0.3325    |
227     | 123      | -37.2379  | 0.002     | 0.3417    | 0.3325    |
228     | 125      | -35.1055  | 0.002     | 0.3417    | 0.3326    |
229     | 64       | 0.2471    | 0.002     | 0.3418    | 0.3326    |
230     | 123      | -37.2379  | 0.002     | 0.3418    | 0.3326    |
231     | 125      | -35.1055  | 0.002     | 0.3418    | 0.3326    |
232     | 130      | 58990.6   | 0.0019    | 0.3419    | 0.3328    |
233     | 125      | -35.1055  | 0.0019    | 0.3419    | 0.3328    |
234     | 123      | -37.2379  | 0.0019    | 0.342     | 0.3328    |
235     | 108      | 28.4579   | 0.0019    | 0.342     | 0.333     |
236     | 125      | -35.1055  | 0.0019    | 0.342     | 0.333     |
237     | 123      | -37.2379  | 0.0019    | 0.342     | 0.333     |
238     | 125      | -35.1055  | 0.0019    | 0.342     | 0.333     |
239     | 64       | 0.2471    | 0.0019    | 0.3421    | 0.3331    |
240     | 129      | 30.8      | 0.0019    | 0.3421    | 0.3331    |
241     | 115      | -19.225   | 0.0019    | 0.3421    | 0.333     |
242     | 125      | -35.1055  | 0.0019    | 0.3421    | 0.333     |
243     | 123      | -37.2379  | 0.0019    | 0.3421    | 0.333     |
244     | 125      | -35.1055  | 0.0018    | 0.3421    | 0.333     |
245     | 107      | 14.7495   | 0.0018    | 0.3421    | 0.3329    |
246     | 123      | -37.2379  | 0.0018    | 0.3421    | 0.3329    |
247     | 125      | -35.1055  | 0.0018    | 0.3421    | 0.3329    |
248     | 64       | 0.2471    | 0.0018    | 0.3421    | 0.3329    |
249     | 108      | 28.4579   | 0.0018    | 0.3422    | 0.3329    |
250     | 125      | -35.1055  | 0.0018    | 0.3422    | 0.3329    |
251     | 123      | -37.2379  | 0.0018    | 0.3422    | 0.3329    |
252     | 120      | -18.5852  | 0.0018    | 0.3422    | 0.3329    |
253     | 125      | -35.1055  | 0.0018    | 0.3422    | 0.3329    |
254     | 129      | 30.8      | 0.0018    | 0.3422    | 0.333     |
255     | 123      | -37.2379  | 0.0018    | 0.3422    | 0.333     |
256     | 125      | -35.1055  | 0.0018    | 0.3422    | 0.333     |
257     | 64       | 0.2471    | 0.0017    | 0.3423    | 0.3331    |
258     | 123      | -37.2379  | 0.0017    | 0.3423    | 0.3331    |
259     | 125      | -35.1055  | 0.0017    | 0.3423    | 0.3331    |
260     | 108      | 28.4579   | 0.0017    | 0.3423    | 0.3332    |
261     | 125      | -35.1055  | 0.0017    | 0.3423    | 0.3332    |
262     | 109      | 21.6595   | 0.0017    | 0.3423    | 0.3334    |
263     | 123      | -37.2379  | 0.0017    | 0.3423    | 0.3334    |
264     | 125      | -35.1055  | 0.0017    | 0.3423    | 0.3334    |
265     | 129      | 30.8      | 0.0017    | 0.3423    | 0.3332    |
266     | 125      | -35.1055  | 0.0017    | 0.3423    | 0.3332    |
267     | 64       | 0.2471    | 0.0017    | 0.3424    | 0.3335    |
268     | 123      | -37.2379  | 0.0017    | 0.3424    | 0.3335    |
269     | 115      | -38.45    | 0.0017    | 0.3424    | 0.3335    |
270     | 130      | 6643.4    | 0.0017    | 0.3425    | 0.3337    |
271     | 132      | 26.3      | 0.0017    | 0.3422    | 0.3335    |
272     | 116      | -18.5667  | 0.0017    | 0.3423    | 0.3335    |
273     | 115      | -38.45    | 0.0017    | 0.3423    | 0.3335    |
274     | 123      | -37.2379  | 0.0017    | 0.3423    | 0.3335    |
275     | 115      | -38.45    | 0.0016    | 0.3423    | 0.3335    |
276     | 115      | -38.45    | 0.0016    | 0.3423    | 0.3335    |
277     | 109      | 21.6595   | 0.0016    | 0.3423    | 0.3337    |
278     | 115      | -38.45    | 0.0016    | 0.3424    | 0.3337    |
279     | 108      | 28.4579   | 0.0016    | 0.3424    | 0.3337    |
280     | 115      | -38.45    | 0.0016    | 0.3424    | 0.3336    |
281     | 65       | 0.0801    | 0.0016    | 0.3423    | 0.3335    |
282     | 123      | -37.2379  | 0.0016    | 0.3423    | 0.3336    |
283     | 115      | -38.45    | 0.0016    | 0.3423    | 0.3336    |
284     | 125      | -35.1055  | 0.0016    | 0.3423    | 0.3336    |
285     | 115      | -38.45    | 0.0016    | 0.3423    | 0.3336    |
286     | 107      | 14.7495   | 0.0016    | 0.3421    | 0.3334    |
287     | 64       | 0.2471    | 0.0016    | 0.3421    | 0.3336    |
288     | 115      | -38.45    | 0.0016    | 0.3421    | 0.3336    |
289     | 129      | 30.8      | 0.0016    | 0.3421    | 0.3335    |
290     | 123      | -37.2379  | 0.0016    | 0.3421    | 0.3335    |
291     | 115      | -38.45    | 0.0016    | 0.3421    | 0.3335    |
292     | 115      | -38.45    | 0.0016    | 0.3421    | 0.3335    |
293     | 115      | -38.45    | 0.0016    | 0.3421    | 0.3334    |
294     | 109      | 21.6595   | 0.0016    | 0.3421    | 0.3336    |
295     | 115      | -38.45    | 0.0016    | 0.3422    | 0.3336    |
296     | 123      | -37.2379  | 0.0016    | 0.3422    | 0.3336    |
297     | 115      | -38.45    | 0.0015    | 0.3422    | 0.3336    |
298     | 108      | 28.4579   | 0.0015    | 0.3422    | 0.3336    |
299     | 115      | -38.45    | 0.0015    | 0.3422    | 0.3336    |
300     | 115      | -38.45    | 0.0015    | 0.3422    | 0.3336    |
--------------------------------------------------------------------
Finished sucessfully.
NDCG@10 on training data: 0.3423
NDCG@10 on validation data: 0.3337
---------------------------------
NDCG@10 on test data: 0.3316

Model saved to: mymodel-rankboost2.txt
