[harshitha@csil RankLib]$ java -jar RankLib-2.1-patched.jar -train Fold2/train.txt -test Fold2/test.txt -validate Fold2/vali.txt -ranker 0 -metric2t NDCG@10 -metric2T NDCG@10 -save mymodel-mart2.txt

[+] General Parameters:
Training data:  Fold2/train.txt
Test data:      Fold2/test.txt
Validation data:        Fold2/vali.txt
Feature vector representation: Dense.
Ranking method: MART
Feature description file:       Unspecified. All features will be used.
Train metric:   NDCG@10
Test metric:    NDCG@10
Feature normalization: No
Model file: mymodel-mart2.txt

[+] MART's Parameters:
No. of trees: 1000
No. of leaves: 10
No. of threshold candidates: 256
Learning rate: 0.1
Stop early: 100 rounds without performance gain on validation data

Reading feature file [Fold2/train.txt]... [Done.]
(6000 ranked lists, 716683 entries read)
Reading feature file [Fold2/vali.txt]... [Done.]
(2000 ranked lists, 241521 entries read)
Reading feature file [Fold2/test.txt]... [Done.]
(2000 ranked lists, 241988 entries read)
Initializing... [Done]
---------------------------------
Training starts...
---------------------------------
#iter   | NDCG@10-T | NDCG@10-V |
---------------------------------
1       | 0.3413    | 0.3403    |
2       | 0.3493    | 0.3476    |
3       | 0.3605    | 0.3596    |
4       | 0.3601    | 0.3583    |
5       | 0.3658    | 0.3632    |
6       | 0.3688    | 0.3658    |
7       | 0.3715    | 0.3667    |
8       | 0.3796    | 0.3736    |
9       | 0.3816    | 0.376     |
10      | 0.3858    | 0.3811    |
11      | 0.3865    | 0.3804    |
12      | 0.3889    | 0.3832    |
13      | 0.3919    | 0.3852    |
14      | 0.3931    | 0.387     |
15      | 0.3942    | 0.3878    |
16      | 0.3958    | 0.3896    |
17      | 0.3966    | 0.391     |
18      | 0.3976    | 0.3916    |
19      | 0.3988    | 0.3938    |
20      | 0.3997    | 0.3939    |
21      | 0.4005    | 0.3945    |
22      | 0.4014    | 0.3947    |
23      | 0.402     | 0.3955    |
24      | 0.4031    | 0.3964    |
25      | 0.4031    | 0.3975    |
26      | 0.4035    | 0.3981    |
27      | 0.4054    | 0.3996    |
28      | 0.4067    | 0.4002    |
29      | 0.4075    | 0.4011    |
30      | 0.4076    | 0.4021    |
31      | 0.4088    | 0.4029    |
32      | 0.4099    | 0.4031    |
33      | 0.4105    | 0.4041    |
34      | 0.4115    | 0.4043    |
35      | 0.4115    | 0.4054    |
36      | 0.4118    | 0.4055    |
37      | 0.4121    | 0.4062    |
38      | 0.4128    | 0.4067    |
39      | 0.413     | 0.4073    |
40      | 0.4137    | 0.4067    |
41      | 0.4141    | 0.4066    |
42      | 0.4151    | 0.4076    |
43      | 0.4159    | 0.4085    |
44      | 0.4161    | 0.4091    |
45      | 0.4159    | 0.409     |
46      | 0.4168    | 0.4099    |
47      | 0.4171    | 0.4098    |
48      | 0.4174    | 0.4099    |
49      | 0.4188    | 0.4107    |
50      | 0.4193    | 0.4108    |
51      | 0.4196    | 0.4115    |
52      | 0.4193    | 0.4117    |
53      | 0.4198    | 0.4123    |
54      | 0.4202    | 0.4129    |
55      | 0.4202    | 0.4127    |
56      | 0.4203    | 0.413     |
57      | 0.4206    | 0.4137    |
58      | 0.421     | 0.4141    |
59      | 0.4219    | 0.415     |
60      | 0.4223    | 0.4152    |
61      | 0.4227    | 0.4153    |
62      | 0.4228    | 0.4154    |
63      | 0.4232    | 0.4158    |
64      | 0.4239    | 0.4159    |
65      | 0.424     | 0.4159    |
66      | 0.4239    | 0.4164    |
67      | 0.4245    | 0.4164    |
68      | 0.4246    | 0.4166    |
69      | 0.4246    | 0.4165    |
70      | 0.4247    | 0.4167    |
71      | 0.4249    | 0.417     |
72      | 0.425     | 0.4176    |
73      | 0.4252    | 0.4176    |
74      | 0.4258    | 0.4177    |
75      | 0.426     | 0.4175    |
76      | 0.4261    | 0.4177    |
77      | 0.4263    | 0.4178    |
78      | 0.4265    | 0.4176    |
79      | 0.4267    | 0.4179    |
80      | 0.4272    | 0.4179    |
81      | 0.4274    | 0.4183    |
82      | 0.4274    | 0.4183    |
83      | 0.4279    | 0.4186    |
84      | 0.4281    | 0.4184    |
85      | 0.4282    | 0.4188    |
86      | 0.4284    | 0.4185    |
87      | 0.4285    | 0.4185    |
88      | 0.4287    | 0.4192    |
89      | 0.4287    | 0.4194    |
90      | 0.4292    | 0.4197    |
91      | 0.4295    | 0.4197    |
92      | 0.4294    | 0.4201    |
93      | 0.4295    | 0.42      |
94      | 0.4295    | 0.4204    |
95      | 0.4299    | 0.4205    |
96      | 0.4303    | 0.4207    |
97      | 0.4303    | 0.4206    |
98      | 0.4306    | 0.4208    |
99      | 0.431     | 0.4207    |
100     | 0.4309    | 0.4205    |
101     | 0.431     | 0.4204    |
102     | 0.4309    | 0.4212    |
103     | 0.4312    | 0.4214    |
104     | 0.4314    | 0.4213    |
105     | 0.4314    | 0.4213    |
106     | 0.4316    | 0.4219    |
107     | 0.432     | 0.4222    |
108     | 0.4323    | 0.422     |
109     | 0.4324    | 0.4222    |
110     | 0.4325    | 0.4226    |
111     | 0.4325    | 0.4226    |
112     | 0.4325    | 0.4227    |
113     | 0.4327    | 0.4227    |
114     | 0.4328    | 0.423     |
115     | 0.4329    | 0.4233    |
116     | 0.4331    | 0.4232    |
117     | 0.4333    | 0.4232    |
118     | 0.4335    | 0.4233    |
119     | 0.4338    | 0.4236    |
120     | 0.4341    | 0.424     |
121     | 0.4341    | 0.4241    |
122     | 0.4343    | 0.4248    |
123     | 0.4344    | 0.425     |
124     | 0.4345    | 0.4251    |
125     | 0.4345    | 0.4249    |
126     | 0.4348    | 0.4251    |
127     | 0.4352    | 0.4257    |
128     | 0.4352    | 0.426     |
129     | 0.4353    | 0.4261    |
130     | 0.4355    | 0.4261    |
131     | 0.4352    | 0.4262    |
132     | 0.4354    | 0.4264    |
133     | 0.4355    | 0.4264    |
134     | 0.4356    | 0.4265    |
135     | 0.4358    | 0.4262    |
136     | 0.436     | 0.4261    |
137     | 0.4361    | 0.4263    |
138     | 0.4361    | 0.4262    |
139     | 0.4361    | 0.4263    |
140     | 0.4361    | 0.4264    |
141     | 0.4361    | 0.4264    |
142     | 0.4362    | 0.4265    |
143     | 0.4361    | 0.4264    |
144     | 0.4362    | 0.4264    |
145     | 0.4363    | 0.4266    |
146     | 0.4362    | 0.4267    |
147     | 0.4364    | 0.4268    |
148     | 0.4364    | 0.4269    |
149     | 0.4365    | 0.427     |
150     | 0.4367    | 0.4269    |
151     | 0.4369    | 0.4267    |
152     | 0.437     | 0.4273    |
153     | 0.437     | 0.4273    |
154     | 0.4371    | 0.4274    |
155     | 0.4373    | 0.4274    |
156     | 0.4376    | 0.4273    |
157     | 0.4376    | 0.4271    |
158     | 0.4377    | 0.4271    |
159     | 0.4378    | 0.4272    |
160     | 0.4379    | 0.4272    |
161     | 0.438     | 0.4272    |
162     | 0.438     | 0.4271    |
163     | 0.4381    | 0.4273    |
164     | 0.4381    | 0.4271    |
165     | 0.4381    | 0.4271    |
166     | 0.4381    | 0.4272    |
167     | 0.4383    | 0.427     |
168     | 0.4382    | 0.4268    |
169     | 0.4383    | 0.4271    |
170     | 0.4383    | 0.4271    |
171     | 0.4384    | 0.4273    |
172     | 0.4384    | 0.4274    |
173     | 0.4385    | 0.4277    |
174     | 0.4385    | 0.4277    |
175     | 0.4386    | 0.4276    |
176     | 0.4388    | 0.4275    |
177     | 0.4394    | 0.4284    |
178     | 0.4394    | 0.4284    |
179     | 0.4398    | 0.4286    |
180     | 0.4399    | 0.4287    |
181     | 0.4399    | 0.4288    |
182     | 0.4399    | 0.4288    |
183     | 0.4399    | 0.4287    |
184     | 0.4399    | 0.4288    |
185     | 0.44      | 0.4288    |
186     | 0.44      | 0.429     |
187     | 0.44      | 0.429     |
188     | 0.4401    | 0.429     |
189     | 0.44      | 0.4289    |
190     | 0.4401    | 0.4289    |
191     | 0.4402    | 0.4287    |
192     | 0.4403    | 0.4286    |
193     | 0.4403    | 0.4287    |
194     | 0.4405    | 0.429     |
195     | 0.4405    | 0.4289    |
196     | 0.4407    | 0.4295    |
197     | 0.4406    | 0.4293    |
198     | 0.4406    | 0.4293    |
199     | 0.4405    | 0.4293    |
200     | 0.4406    | 0.4296    |
201     | 0.4407    | 0.4296    |
202     | 0.4407    | 0.4296    |
203     | 0.4409    | 0.4297    |
204     | 0.441     | 0.4294    |
205     | 0.4411    | 0.4294    |
206     | 0.4412    | 0.4293    |
207     | 0.4411    | 0.4294    |
208     | 0.4411    | 0.4294    |
209     | 0.4411    | 0.4294    |
210     | 0.4414    | 0.4299    |
211     | 0.4414    | 0.43      |
212     | 0.4415    | 0.43      |
213     | 0.4415    | 0.43      |
214     | 0.4416    | 0.4301    |
215     | 0.4417    | 0.4303    |
216     | 0.4416    | 0.4306    |
217     | 0.4416    | 0.4306    |
218     | 0.4417    | 0.4305    |
219     | 0.4418    | 0.4307    |
220     | 0.4419    | 0.4307    |
221     | 0.4419    | 0.4307    |
222     | 0.442     | 0.4306    |
223     | 0.442     | 0.4306    |
224     | 0.4418    | 0.4303    |
225     | 0.4418    | 0.4303    |
226     | 0.4418    | 0.4303    |
227     | 0.4419    | 0.4305    |
228     | 0.442     | 0.4306    |
229     | 0.442     | 0.4307    |
230     | 0.4422    | 0.4309    |
231     | 0.4422    | 0.431     |
232     | 0.4422    | 0.4308    |
233     | 0.4421    | 0.4306    |
234     | 0.4422    | 0.4304    |
235     | 0.4422    | 0.4303    |
236     | 0.4425    | 0.4306    |
237     | 0.4426    | 0.4307    |
238     | 0.4428    | 0.4304    |
239     | 0.4428    | 0.4306    |
240     | 0.4429    | 0.4306    |
241     | 0.443     | 0.4306    |
242     | 0.443     | 0.4314    |
243     | 0.443     | 0.4314    |
244     | 0.4432    | 0.4317    |
245     | 0.4432    | 0.4315    |
246     | 0.443     | 0.4317    |
247     | 0.4434    | 0.432     |
248     | 0.4434    | 0.4317    |
249     | 0.4433    | 0.4316    |
250     | 0.4434    | 0.4318    |
251     | 0.4437    | 0.4322    |
252     | 0.4437    | 0.4322    |
253     | 0.4442    | 0.4324    |
254     | 0.4445    | 0.4325    |
255     | 0.4445    | 0.4326    |
256     | 0.4444    | 0.4324    |
257     | 0.4445    | 0.4325    |
258     | 0.4447    | 0.4324    |
259     | 0.4447    | 0.4325    |
260     | 0.4447    | 0.4324    |
261     | 0.4447    | 0.4325    |
262     | 0.4449    | 0.4326    |
263     | 0.4449    | 0.4325    |
264     | 0.4448    | 0.4327    |
265     | 0.4448    | 0.4324    |
266     | 0.4448    | 0.4325    |
267     | 0.4448    | 0.4327    |
268     | 0.4449    | 0.4328    |
269     | 0.4449    | 0.4329    |
270     | 0.4449    | 0.4329    |
271     | 0.4451    | 0.4333    |
272     | 0.4451    | 0.4333    |
273     | 0.4457    | 0.4336    |
274     | 0.4457    | 0.4337    |
275     | 0.4457    | 0.4337    |
276     | 0.4458    | 0.4337    |
277     | 0.4458    | 0.4336    |
278     | 0.4459    | 0.4334    |
279     | 0.4458    | 0.4336    |
280     | 0.4459    | 0.4336    |
281     | 0.446     | 0.4336    |
282     | 0.446     | 0.4335    |
283     | 0.4463    | 0.4337    |
284     | 0.4461    | 0.4339    |
285     | 0.4462    | 0.4339    |
286     | 0.4464    | 0.434     |
287     | 0.4463    | 0.4341    |
288     | 0.4463    | 0.434     |
289     | 0.4463    | 0.434     |
290     | 0.4463    | 0.4341    |
291     | 0.4463    | 0.4341    |
292     | 0.4462    | 0.4341    |
293     | 0.4463    | 0.434     |
294     | 0.4465    | 0.4346    |
295     | 0.4466    | 0.4344    |
296     | 0.4466    | 0.4347    |
297     | 0.4467    | 0.4347    |
298     | 0.4468    | 0.4345    |
299     | 0.4467    | 0.4344    |
300     | 0.4468    | 0.4344    |
301     | 0.4468    | 0.4342    |
302     | 0.4472    | 0.4344    |
303     | 0.4474    | 0.4345    |
304     | 0.4473    | 0.4345    |
305     | 0.4472    | 0.4345    |
306     | 0.4476    | 0.4349    |
307     | 0.4477    | 0.4349    |
308     | 0.4475    | 0.4347    |
309     | 0.4475    | 0.4347    |
310     | 0.4476    | 0.4347    |
311     | 0.4476    | 0.4349    |
312     | 0.4476    | 0.4349    |
313     | 0.4476    | 0.4349    |
314     | 0.4476    | 0.4348    |
315     | 0.4477    | 0.4348    |
316     | 0.4478    | 0.4348    |
317     | 0.4478    | 0.4349    |
318     | 0.4479    | 0.4349    |
319     | 0.448     | 0.4349    |
320     | 0.4481    | 0.4349    |
321     | 0.4479    | 0.4351    |
322     | 0.448     | 0.4351    |
323     | 0.448     | 0.4352    |
324     | 0.448     | 0.4352    |
325     | 0.448     | 0.435     |
326     | 0.448     | 0.435     |
327     | 0.448     | 0.435     |
328     | 0.448     | 0.435     |
329     | 0.448     | 0.4347    |
330     | 0.448     | 0.4347    |
331     | 0.448     | 0.4346    |
332     | 0.4481    | 0.4346    |
333     | 0.4481    | 0.4347    |
334     | 0.4482    | 0.4347    |
335     | 0.4483    | 0.4348    |
336     | 0.4485    | 0.4347    |
337     | 0.4485    | 0.4348    |
338     | 0.4485    | 0.4348    |
339     | 0.4484    | 0.4351    |
340     | 0.4485    | 0.435     |
341     | 0.4485    | 0.435     |
342     | 0.4485    | 0.4352    |
343     | 0.4484    | 0.4351    |
344     | 0.4485    | 0.435     |
345     | 0.4485    | 0.435     |
346     | 0.4485    | 0.435     |
347     | 0.4487    | 0.4353    |
348     | 0.4489    | 0.4354    |
349     | 0.4488    | 0.4354    |
350     | 0.4488    | 0.4354    |
351     | 0.4488    | 0.4354    |
352     | 0.4488    | 0.4355    |
353     | 0.4488    | 0.4354    |
354     | 0.4488    | 0.4355    |
355     | 0.4487    | 0.4355    |
356     | 0.4486    | 0.4357    |
357     | 0.4488    | 0.4358    |
358     | 0.449     | 0.4357    |
359     | 0.4489    | 0.4358    |
360     | 0.449     | 0.4358    |
361     | 0.4489    | 0.4355    |
362     | 0.449     | 0.4355    |
363     | 0.4491    | 0.4355    |
364     | 0.4492    | 0.4355    |
365     | 0.4492    | 0.4355    |
366     | 0.4492    | 0.4356    |
367     | 0.4492    | 0.4357    |
368     | 0.4492    | 0.4357    |
369     | 0.4492    | 0.4356    |
370     | 0.4493    | 0.4359    |
371     | 0.4493    | 0.4358    |
372     | 0.4493    | 0.4359    |
373     | 0.4493    | 0.4359    |
374     | 0.4494    | 0.4361    |
375     | 0.4494    | 0.4361    |
376     | 0.4494    | 0.4361    |
377     | 0.4495    | 0.4361    |
378     | 0.4495    | 0.4362    |
379     | 0.4494    | 0.4361    |
380     | 0.4494    | 0.4362    |
381     | 0.4494    | 0.4362    |
382     | 0.4496    | 0.4361    |
383     | 0.4496    | 0.4361    |
384     | 0.4497    | 0.4363    |
385     | 0.4497    | 0.4361    |
386     | 0.4497    | 0.4363    |
387     | 0.4497    | 0.4365    |
388     | 0.4497    | 0.4363    |
389     | 0.4497    | 0.4364    |
390     | 0.4499    | 0.4366    |
391     | 0.45      | 0.4366    |
392     | 0.4502    | 0.4368    |
393     | 0.4501    | 0.4368    |
394     | 0.4502    | 0.4367    |
395     | 0.4502    | 0.4368    |
396     | 0.4502    | 0.4369    |
397     | 0.4502    | 0.4368    |
398     | 0.4503    | 0.4367    |
399     | 0.4503    | 0.4368    |
400     | 0.4503    | 0.4369    |
401     | 0.4502    | 0.4368    |
402     | 0.4502    | 0.4368    |
403     | 0.4502    | 0.4365    |
404     | 0.4503    | 0.4365    |
405     | 0.4503    | 0.4367    |
406     | 0.4504    | 0.4365    |
407     | 0.4504    | 0.4364    |
408     | 0.4504    | 0.4363    |
409     | 0.4504    | 0.4363    |
410     | 0.4505    | 0.4363    |
411     | 0.4506    | 0.4363    |
412     | 0.4505    | 0.4363    |
413     | 0.4505    | 0.4364    |
414     | 0.4506    | 0.4364    |
415     | 0.4506    | 0.4364    |
416     | 0.4507    | 0.4365    |
417     | 0.4506    | 0.4365    |
418     | 0.4506    | 0.4363    |
419     | 0.4506    | 0.4364    |
420     | 0.4506    | 0.4365    |
421     | 0.4507    | 0.4365    |
422     | 0.4507    | 0.4364    |
423     | 0.4507    | 0.4363    |
424     | 0.4508    | 0.4365    |
425     | 0.4509    | 0.4363    |
426     | 0.4511    | 0.4364    |
427     | 0.4512    | 0.4363    |
428     | 0.4512    | 0.4363    |
429     | 0.4512    | 0.4362    |
430     | 0.4512    | 0.4362    |
431     | 0.4511    | 0.4362    |
432     | 0.4511    | 0.4361    |
433     | 0.4513    | 0.4362    |
434     | 0.4513    | 0.4362    |
435     | 0.4513    | 0.4362    |
436     | 0.4513    | 0.4362    |
437     | 0.4513    | 0.4363    |
438     | 0.4513    | 0.4365    |
439     | 0.4514    | 0.4364    |
440     | 0.4513    | 0.4363    |
441     | 0.4513    | 0.4364    |
442     | 0.4513    | 0.4363    |
443     | 0.4513    | 0.4365    |
444     | 0.4513    | 0.4364    |
445     | 0.4512    | 0.4364    |
446     | 0.4513    | 0.4364    |
447     | 0.4514    | 0.4365    |
448     | 0.4514    | 0.4364    |
449     | 0.4514    | 0.4365    |
450     | 0.4516    | 0.4369    |
451     | 0.4516    | 0.4369    |
452     | 0.4516    | 0.4369    |
453     | 0.4516    | 0.437     |
454     | 0.4517    | 0.437     |
455     | 0.4518    | 0.437     |
456     | 0.4518    | 0.437     |
457     | 0.4518    | 0.4369    |
458     | 0.4518    | 0.437     |
459     | 0.4518    | 0.437     |
460     | 0.4519    | 0.4372    |
461     | 0.4519    | 0.4372    |
462     | 0.4519    | 0.4372    |
463     | 0.4519    | 0.4372    |
464     | 0.452     | 0.4372    |
465     | 0.4519    | 0.4372    |
466     | 0.452     | 0.4369    |
467     | 0.4521    | 0.437     |
468     | 0.4521    | 0.4372    |
469     | 0.4521    | 0.4373    |
470     | 0.4521    | 0.4372    |
471     | 0.4522    | 0.437     |
472     | 0.4522    | 0.4371    |
473     | 0.4523    | 0.4371    |
474     | 410.4523    | 0.437     |
475     | 0.4523    | 0.437     |
476     | 0.4523    | 0.437     |
477     | 0.4523    | 0.4371    |
478     | 0.4521    | 0.4371    |
479     | 0.4522    | 0.437     |
480     | 0.4523    | 0.437     |
481     | 0.4523    | 0.4372    |
482     | 0.4523    | 0.4371    |
483     | 0.4523    | 0.4371    |
484     | 0.4525    | 0.4371    |
485     | 0.4526    | 0.4372    |
486     | 0.4526    | 0.4372    |
487     | 0.4525    | 0.4376    |
488     | 0.4525    | 0.4376    |
489     | 0.4526    | 0.4376    |
490     | 0.4527    | 0.4377    |
491     | 0.4526    | 0.4375    |
492     | 0.4526    | 0.4376    |
493     | 0.4526    | 0.4375    |
494     | 0.4526    | 0.4374    |
495     | 0.4526    | 0.4375    |
496     | 0.4527    | 0.4375    |
497     | 0.4526    | 0.4374    |
498     | 0.4526    | 0.4374    |
499     | 0.4527    | 0.4373    |
500     | 0.4526    | 0.4372    |
501     | 0.4526    | 0.4372    |
502     | 0.4525    | 0.4371    |
503     | 0.4527    | 0.4372    |
504     | 0.4526    | 0.4374    |
505     | 0.4527    | 0.4373    |
506     | 0.4527    | 0.4372    |
507     | 0.4527    | 0.4372    |
508     | 0.4528    | 0.4373    |
509     | 0.4528    | 0.4374    |
510     | 0.4528    | 0.4374    |
511     | 0.4527    | 0.4374    |
512     | 0.4528    | 0.4374    |
513     | 0.4527    | 0.4375    |
514     | 0.4527    | 0.4374    |
515     | 0.4527    | 0.4374    |
516     | 0.4527    | 0.4374    |
517     | 0.4527    | 0.4372    |
518     | 0.4526    | 0.4374    |
519     | 0.4527    | 0.4377    |
520     | 0.4529    | 0.4377    |
521     | 0.4529    | 0.4378    |
522     | 0.4529    | 0.4379    |
523     | 0.453     | 0.4379    |
524     | 0.453     | 0.4378    |
525     | 0.453     | 0.4378    |
526     | 0.4529    | 0.4378    |
527     | 0.453     | 0.4378    |
528     | 0.453     | 0.4379    |
529     | 0.453     | 0.4378    |
530     | 0.4531    | 0.4378    |
531     | 0.4532    | 0.4377    |
532     | 0.4532    | 0.4377    |
533     | 0.4532    | 0.4378    |
534     | 0.4534    | 0.4379    |
535     | 0.4535    | 0.4381    |
536     | 0.4535    | 0.4381    |
537     | 0.4535    | 0.4381    |
538     | 0.4535    | 0.4379    |
539     | 0.4536    | 0.4381    |
540     | 0.4535    | 0.4381    |
541     | 0.4535    | 0.4381    |
542     | 0.4533    | 0.4377    |
543     | 0.4533    | 0.4376    |
544     | 0.4533    | 0.4379    |
545     | 0.4533    | 0.4379    |
546     | 0.4532    | 0.4383    |
547     | 0.4532    | 0.4381    |
548     | 0.4533    | 0.4383    |
549     | 0.4534    | 0.4381    |
550     | 0.4533    | 0.4383    |
551     | 0.4534    | 0.4385    |
552     | 0.4535    | 0.4385    |
553     | 0.4535    | 0.4385    |
554     | 0.4535    | 0.4387    |
555     | 0.4535    | 0.4386    |
556     | 0.4534    | 0.4386    |
557     | 0.4535    | 0.4387    |
558     | 0.4536    | 0.4386    |
559     | 0.4536    | 0.4387    |
560     | 0.4536    | 0.4386    |
561     | 0.4537    | 0.4388    |
562     | 0.4537    | 0.4388    |
563     | 0.4537    | 0.439     |
564     | 0.4537    | 0.439     |
565     | 0.4537    | 0.4389    |
566     | 0.4537    | 0.4389    |
567     | 0.4536    | 0.4389    |
568     | 0.4537    | 0.4389    |
569     | 0.4537    | 0.4389    |
570     | 0.4537    | 0.4385    |
571     | 0.4537    | 0.4387    |
572     | 0.4538    | 0.4386    |
573     | 0.4538    | 0.4385    |
574     | 0.4538    | 0.4385    |
575     | 0.4539    | 0.4388    |
576     | 0.4539    | 0.4388    |
577     | 0.454     | 0.4389    |
578     | 0.4541    | 0.4389    |
579     | 0.4541    | 0.4388    |
580     | 0.4541    | 0.4387    |
581     | 0.454     | 0.4387    |
582     | 0.4541    | 0.4387    |
583     | 0.4541    | 0.4387    |
584     | 0.454     | 0.4386    |
585     | 0.454     | 0.4387    |
586     | 0.4539    | 0.4387    |
587     | 0.454     | 0.4387    |
588     | 0.4541    | 0.4387    |
589     | 0.454     | 0.4387    |
590     | 0.4542    | 0.4387    |
591     | 0.4543    | 0.4388    |
592     | 0.4543    | 0.4389    |
593     | 0.4543    | 0.4389    |
594     | 0.4544    | 0.439     |
595     | 0.4543    | 0.4389    |
596     | 0.4543    | 0.4387    |
597     | 0.4543    | 0.4389    |
598     | 0.4545    | 0.4389    |
599     | 0.4545    | 0.439     |
600     | 0.4543    | 0.439     |
601     | 0.4544    | 0.4388    |
602     | 0.4544    | 0.4387    |
603     | 0.4544    | 0.4388    |
604     | 0.4544    | 0.4387    |
605     | 0.4544    | 0.4387    |
606     | 0.4544    | 0.4387    |
607     | 0.4544    | 0.4387    |
608     | 0.4545    | 0.4388    |
609     | 0.4544    | 0.4386    |
610     | 0.4544    | 0.4386    |
611     | 0.4544    | 0.4385    |
612     | 0.4543    | 0.4385    |
613     | 0.4544    | 0.4385    |
614     | 0.4545    | 0.4386    |
615     | 0.4545    | 0.4386    |
616     | 0.4545    | 0.4387    |
617     | 0.4545    | 0.4385    |
618     | 0.4546    | 0.4387    |
619     | 0.4547    | 0.4389    |
620     | 0.4547    | 0.4386    |
621     | 0.4548    | 0.4384    |
622     | 0.4548    | 0.4383    |
623     | 0.4548    | 0.4384    |
624     | 0.4548    | 0.4385    |
625     | 0.455     | 0.4384    |
626     | 0.4552    | 0.4383    |
627     | 0.4552    | 0.4383    |
628     | 0.4554    | 0.4384    |
629     | 0.4554    | 0.4384    |
630     | 0.4554    | 0.4384    |
631     | 0.4554    | 0.4383    |
632     | 0.4554    | 0.4383    |
633     | 0.4554    | 0.4381    |
634     | 0.4554    | 0.4382    |
635     | 0.4554    | 0.4381    |
636     | 0.4553    | 0.4382    |
637     | 0.4553    | 0.4382    |
638     | 0.4555    | 0.4382    |
639     | 0.4554    | 0.4382    |
640     | 0.4556    | 0.4383    |
641     | 0.4556    | 0.4383    |
642     | 0.4558    | 0.4384    |
643     | 0.4558    | 0.4383    |
644     | 0.4559    | 0.4385    |
645     | 0.4559    | 0.4385    |
646     | 0.456     | 0.4383    |
647     | 0.4559    | 0.4383    |
648     | 0.456     | 0.4384    |
649     | 0.4561    | 0.4385    |
650     | 0.4561    | 0.4386    |
651     | 0.4561    | 0.4385    |
652     | 0.4561    | 0.4385    |
653     | 0.4562    | 0.4384    |
654     | 0.4562    | 0.4384    |
655     | 0.4562    | 0.4383    |
656     | 0.4562    | 0.4383    |
657     | 0.4562    | 0.4382    |
658     | 0.4562    | 0.4383    |
659     | 0.4562    | 0.4383    |
660     | 0.4561    | 0.4382    |
661     | 0.4562    | 0.4383    |
662     | 0.4562    | 0.4382    |
663     | 0.4563    | 0.4382    |
664     | 0.4561    | 0.438     |
---------------------------------
Finished sucessfully.
NDCG@10 on training data: 0.4537
NDCG@10 on validation data: 0.439
---------------------------------
NDCG@10 on test data: 0.4396

Model saved to: mymodel-mart2.txt
